% time-domain voltage integration by openEMS v0.0.35-98-gb49bd2a @Sat Jul 15 03:35:03 2023
% start-coordinates: (0.0224,0.0472,0.00209497) m -> [2,157,20]
% stop-coordinates: (0.0224,0.033,0.00209497) m -> [2,16,20]
% t/s	voltage
0	-0
4.16359279358e-11	-5.498138809e-29
8.32718558715e-11	7.26741945558e-12
1.24907783807e-10	1.20141928827e-09
1.66543711743e-10	9.36806936712e-09
2.08179639679e-10	1.91791167618e-08
2.49815567615e-10	1.9882933109e-08
2.9145149555e-10	8.9501858121e-09
3.33087423486e-10	-3.78949650687e-08
3.74723351422e-10	-1.5819482585e-07
4.16359279358e-10	-3.82957955458e-07
4.57995207293e-10	-7.21571538076e-07
4.99631135229e-10	-1.09843099116e-06
5.41267063165e-10	-1.31378058454e-06
5.82902991101e-10	-1.0152821035e-06
6.24538919036e-10	2.35347422745e-07
6.66174846972e-10	2.77547809802e-06
7.07810774908e-10	6.58089720584e-06
7.49446702844e-10	1.0985477628e-05
7.91082630779e-10	1.45896736967e-05
8.32718558715e-10	1.55188662987e-05
8.74354486651e-10	1.2039137383e-05
9.15990414587e-10	3.39534780602e-06
9.57626342523e-10	-9.51275273486e-06
9.99262270458e-10	-2.40263385507e-05
1.04089819839e-09	-3.63555511669e-05
1.08253412633e-09	-4.27994716361e-05
1.12417005427e-09	-4.10601232659e-05
1.1658059822e-09	-3.10719101506e-05
1.20744191014e-09	-1.50248366939e-05
1.24907783807e-09	3.3909181103e-06
1.29071376601e-09	2.0145376773e-05
1.33234969394e-09	3.19706828442e-05
1.37398562188e-09	3.70991561951e-05
1.41562154982e-09	3.55156591425e-05
1.45725747775e-09	2.87514496407e-05
1.49889340569e-09	1.93177464425e-05
1.54052933362e-09	9.90125085387e-06
1.58216526156e-09	2.54859717597e-06
1.62380118949e-09	-1.87220692816e-06
1.66543711743e-09	-3.70659252447e-06
1.70707304537e-09	-4.03912372793e-06
1.7487089733e-09	-3.99835763787e-06
1.79034490124e-09	-4.2184892286e-06
1.83198082917e-09	-4.72224235004e-06
1.87361675711e-09	-5.19042379921e-06
1.91525268505e-09	-5.33180021556e-06
1.95688861298e-09	-5.0908844127e-06
1.99852454092e-09	-4.60319777718e-06
2.04016046885e-09	-4.02649074616e-06
2.08179639679e-09	-3.43690923854e-06
2.12343232472e-09	-2.84909056703e-06
2.16506825266e-09	-2.28592154805e-06
2.2067041806e-09	-1.8021123076e-06
2.24834010853e-09	-1.41300108547e-06
2.28997603647e-09	-1.04234449316e-06
2.3316119644e-09	-5.7701129319e-07
2.37324789234e-09	1.85958266033e-08
2.41488382027e-09	6.30073399122e-07
2.45651974821e-09	1.05154409513e-06
2.49815567615e-09	1.1537129998e-06
2.53979160408e-09	1.00835568695e-06
