% time-domain current integration by openEMS v0.0.35-98-gb49bd2a @Fri Aug 18 23:47:43 2023
% start-coordinates: (0.0132559,0.0130318,0.00129388) m -> [93,110,23]
% stop-coordinates: (0.0132559,0.01338,0.00139497) m -> [93,114,24]
% t/s	current
4.98874104918e-14	0
4.16559877607e-11	-2.73157473203e-13
8.32620881108e-11	2.76193599241e-11
1.24868188461e-10	8.3653344668e-12
1.66474288811e-10	-2.60717315792e-11
2.08080389161e-10	-1.4295514425e-11
2.49686489512e-10	8.43702885334e-12
2.91292589862e-10	3.03268694879e-11
3.32898690212e-10	7.3533006073e-11
3.74504790562e-10	1.89320267796e-10
4.16110890912e-10	2.8268737351e-10
4.57716991262e-10	3.46161876941e-10
4.99323091613e-10	2.78507439333e-10
5.40929191963e-10	-9.13022990545e-11
5.82535292313e-10	-9.26695498116e-10
6.24141392663e-10	-2.16757922722e-09
6.65747493013e-10	-3.47990747329e-09
7.07353593364e-10	-4.29713242767e-09
7.48959693714e-10	-3.71770081387e-09
7.90565794064e-10	-1.08263087384e-09
8.32171894414e-10	3.66033514609e-09
8.73777994764e-10	9.42852729224e-09
9.15384095114e-10	1.41436826695e-08
9.56990195465e-10	1.54052450796e-08
9.98596295815e-10	1.16235128189e-08
1.04020239616e-09	2.95374036341e-09
1.08180849652e-09	-8.17831491418e-09
1.12341459687e-09	-1.80837389507e-08
1.16502069722e-09	-2.31627090841e-08
1.20662679757e-09	-2.15735944664e-08
1.24823289792e-09	-1.39536702193e-08
1.28983899827e-09	-3.08898862045e-09
1.33144509862e-09	7.42731032233e-09
1.37305119897e-09	1.47052059418e-08
1.41465729932e-09	1.74176442158e-08
1.45626339967e-09	1.58026178809e-08
1.49786950002e-09	1.11722258112e-08
1.53947560037e-09	5.25644061611e-09
1.58108170072e-09	-4.38557634652e-10
1.62268780107e-09	-4.88976148461e-09
1.66429390142e-09	-7.57116502825e-09
1.70590000177e-09	-8.37491054284e-09
1.74750610212e-09	-7.6132256055e-09
1.78911220247e-09	-5.80716852383e-09
1.83071830282e-09	-3.50349704803e-09
1.87232440317e-09	-1.15620668595e-09
1.91393050352e-09	8.61800408813e-10
1.95553660387e-09	2.34381403175e-09
1.99714270422e-09	3.19521475944e-09
2.03874880457e-09	3.45047546091e-09
2.08035490492e-09	3.18387693987e-09
2.12196100527e-09	2.50195064666e-09
2.16356710562e-09	1.61673230359e-09
2.20517320597e-09	6.94387214395e-10
2.24677930632e-09	-1.35229605291e-10
