% time-domain voltage integration by openEMS v0.0.35-98-gb49bd2a @Mon Jul 31 13:09:51 2023
% start-coordinates: (0.01548,0.0137997,0.00139497) m -> [84,104,24]
% stop-coordinates: (0.015762,0.0137997,0.00139497) m -> [88,104,24]
% t/s	voltage
0	-0
4.16420524233e-11	1.39323681064e-10
8.32841048465e-11	1.28236731021e-10
1.2492615727e-10	1.35038823873e-10
1.66568209693e-10	1.64479962983e-09
2.08210262116e-10	1.03901638404e-08
2.4985231454e-10	9.80301440023e-09
2.91494366963e-10	3.20513354746e-09
3.33136419386e-10	-1.41883664817e-08
3.74778471809e-10	-6.0259975676e-08
4.16420524233e-10	-1.51471297727e-07
4.58062576656e-10	-2.91777780603e-07
4.99704629079e-10	-4.46850130231e-07
5.41346681502e-10	-5.28311311143e-07
5.82988733926e-10	-3.76102789801e-07
6.24630786349e-10	2.07465937763e-07
6.66272838772e-10	1.3634446816e-06
7.07914891195e-10	3.03169349536e-06
7.49556943619e-10	4.8194451665e-06
7.91198996042e-10	5.9692083596e-06
8.32841048465e-10	5.5419243381e-06
8.74483100888e-10	2.81439889704e-06
9.16125153312e-10	-2.22438325181e-06
9.57767205735e-10	-8.54795564464e-06
9.99409258158e-10	-1.41969585457e-05
1.04105131058e-09	-1.69150980582e-05
1.082693363e-09	-1.51160172663e-05
1.12433541543e-09	-8.73814906299e-06
1.16597746785e-09	5.07851268594e-07
1.20761952027e-09	9.69961774899e-06
1.2492615727e-09	1.58588891281e-05
1.29090362512e-09	1.71605829564e-05
1.33254567754e-09	1.3588708498e-05
1.37418772997e-09	6.78088770201e-06
1.41582978239e-09	-7.92057434751e-07
1.45747183481e-09	-6.84161113895e-06
1.49911388724e-09	-9.9939879874e-06
1.54075593966e-09	-1.00107888557e-05
1.58239799208e-09	-7.55622829729e-06
1.62404004451e-09	-3.75795127638e-06
1.66568209693e-09	2.12616583894e-07
1.70732414935e-09	3.42104630136e-06
1.74896620178e-09	5.30850718405e-06
1.7906082542e-09	5.72522708353e-06
1.83225030662e-09	4.88465434501e-06
1.87389235905e-09	3.25307189541e-06
1.91553441147e-09	1.38869083344e-06
1.95717646389e-09	-2.23062080806e-07
1.99881851632e-09	-1.28320385784e-06
2.04046056874e-09	-1.7161289918e-06
2.08210262116e-09	-1.62389306979e-06
2.12374467359e-09	-1.20092107636e-06
