% time-domain voltage integration by openEMS v0.0.35-98-gb49bd2a @Sat Jul 15 03:35:03 2023
% start-coordinates: (0.03888,0.0436999,0.00139497) m -> [119,92,16]
% stop-coordinates: (0.039162,0.0436999,0.00139497) m -> [123,92,16]
% t/s	voltage
0	-0
4.16359279358e-11	-5.29749540675e-11
8.32718558715e-11	-1.65213976614e-10
1.24907783807e-10	-8.20841117299e-10
1.66543711743e-10	3.34493510667e-09
2.08179639679e-10	1.23541588071e-09
2.49815567615e-10	-1.61063412607e-09
2.9145149555e-10	-5.89310322763e-09
3.33087423486e-10	-1.5063097436e-08
3.74723351422e-10	-2.66611115407e-08
4.16359279358e-10	-4.23656514315e-08
4.57995207293e-10	-4.60651268241e-08
4.99631135229e-10	-2.19205973373e-08
5.41267063165e-10	4.84978599502e-08
5.82902991101e-10	1.76892324788e-07
6.24538919036e-10	3.49438252556e-07
6.66174846972e-10	5.11110549439e-07
7.07810774908e-10	5.63790308661e-07
7.49446702844e-10	3.97485294457e-07
7.91082630779e-10	-5.70090081808e-08
8.32718558715e-10	-7.61071319744e-07
8.74354486651e-10	-1.53006681103e-06
9.15990414587e-10	-2.06086301091e-06
9.57626342523e-10	-2.038651985e-06
9.99262270458e-10	-1.28932165921e-06
1.04089819839e-09	9.06547317214e-08
1.08253412633e-09	1.71229191892e-06
1.12417005427e-09	3.0184253319e-06
1.1658059822e-09	3.50509969849e-06
1.20744191014e-09	2.94777782983e-06
1.24907783807e-09	1.51207899535e-06
1.29071376601e-09	-3.10298680972e-07
1.33234969394e-09	-1.90579061154e-06
1.37398562188e-09	-2.78958930267e-06
1.41562154982e-09	-2.77677514759e-06
1.45725747775e-09	-2.01532139954e-06
1.49889340569e-09	-8.78616148725e-07
1.54052933362e-09	2.09238795179e-07
1.58216526156e-09	9.33997526431e-07
1.62380118949e-09	1.17923667631e-06
1.66543711743e-09	1.01778761064e-06
1.70707304537e-09	6.37668918557e-07
1.7487089733e-09	2.43604105776e-07
1.79034490124e-09	-2.47838753964e-08
1.83198082917e-09	-1.25240772419e-07
1.87361675711e-09	-9.77882503861e-08
1.91525268505e-09	-2.1704380071e-08
1.95688861298e-09	3.42652870522e-08
1.99852454092e-09	3.96916020051e-08
2.04016046885e-09	3.65471464203e-09
2.08179639679e-09	-4.22417052448e-08
2.12343232472e-09	-6.73307543053e-08
2.16506825266e-09	-6.17584037244e-08
2.2067041806e-09	-3.18759010298e-08
2.24834010853e-09	-1.5514181953e-10
2.28997603647e-09	1.25101160542e-08
2.3316119644e-09	-8.79355532835e-10
2.37324789234e-09	-3.10734433739e-08
2.41488382027e-09	-5.75595660024e-08
2.45651974821e-09	-6.03200591698e-08
2.49815567615e-09	-3.34057279616e-08
2.53979160408e-09	8.54676507345e-09
