% time-domain current integration by openEMS v0.0.35-98-gb49bd2a @Fri Aug 18 23:47:43 2023
% start-coordinates: (0.0188008,0.00763,0.00119278) m -> [145,57,22]
% stop-coordinates: (0.019,0.00828,0.00119278) m -> [146,68,22]
% t/s	current
4.98874104918e-14	-0
4.16559877607e-11	5.59704949055e-09
8.32620881108e-11	8.27087731636e-09
1.24868188461e-10	9.07081254553e-09
1.66474288811e-10	8.13926759324e-10
2.08080389161e-10	-2.88957711092e-08
2.49686489512e-10	-9.72155120849e-08
2.91292589862e-10	-2.18598160018e-07
3.32898690212e-10	-3.8748356701e-07
3.74504790562e-10	-5.58676788387e-07
4.16110890912e-10	-6.22879554157e-07
4.57716991262e-10	-4.04894819894e-07
4.99323091613e-10	2.96995438021e-07
5.40929191963e-10	1.62048047514e-06
5.82535292313e-10	3.50924233317e-06
6.24141392663e-10	5.59858790439e-06
6.65747493013e-10	7.19433637641e-06
7.07353593364e-10	7.41158646633e-06
7.48959693714e-10	5.47980653209e-06
7.90565794064e-10	1.12677275865e-06
8.32171894414e-10	-5.12891938342e-06
8.73777994764e-10	-1.19500900837e-05
9.15384095114e-10	-1.75026234501e-05
9.56990195465e-10	-2.00500508072e-05
9.98596295815e-10	-1.85943572433e-05
1.04020239616e-09	-1.32864834086e-05
1.08180849652e-09	-5.41657072972e-06
1.12341459687e-09	3.0224684906e-06
1.16502069722e-09	1.0011814993e-05
1.20662679757e-09	1.41444925248e-05
1.24823289792e-09	1.49817160491e-05
1.28983899827e-09	1.30286243802e-05
1.33144509862e-09	9.39901747188e-06
1.37305119897e-09	5.34939090358e-06
1.41465729932e-09	1.87753607861e-06
1.45626339967e-09	-4.87704653551e-07
1.49786950002e-09	-1.68447888882e-06
1.53947560037e-09	-1.96776181838e-06
1.58108170072e-09	-1.71256806425e-06
1.62268780107e-09	-1.25611461499e-06
1.66429390142e-09	-8.18476678432e-07
1.70590000177e-09	-4.96720872434e-07
1.74750610212e-09	-3.01077335507e-07
1.78911220247e-09	-2.00065798595e-07
1.83071830282e-09	-1.54351056381e-07
1.87232440317e-09	-1.33433260885e-07
1.91393050352e-09	-1.19459357961e-07
1.95553660387e-09	-1.0486673574e-07
1.99714270422e-09	-8.68357190598e-08
2.03874880457e-09	-6.84700509623e-08
2.08035490492e-09	-5.16666567307e-08
2.12196100527e-09	-3.71245540975e-08
2.16356710562e-09	-2.56240166863e-08
2.20517320597e-09	-1.74262204666e-08
2.24677930632e-09	-1.2424075102e-08
