% time-domain current integration by openEMS v0.0.35-98-gb49bd2a @Fri Aug 18 23:47:43 2023
% start-coordinates: (0.0132559,0.0135667,0.00129388) m -> [93,117,23]
% stop-coordinates: (0.0132559,0.01388,0.00139497) m -> [93,123,24]
% t/s	current
4.98874104918e-14	0
4.16559877607e-11	-6.88067983666e-13
8.32620881108e-11	-1.10470356821e-11
1.24868188461e-10	-8.32542368379e-13
1.66474288811e-10	-5.73411387816e-11
2.08080389161e-10	-2.42088848967e-10
2.49686489512e-10	-3.36063871176e-10
2.91292589862e-10	-1.33896518872e-10
3.32898690212e-10	4.43484693413e-10
3.74504790562e-10	1.89058080302e-09
4.16110890912e-10	4.54083970425e-09
4.57716991262e-10	8.69740013343e-09
4.99323091613e-10	1.33356508059e-08
5.40929191963e-10	1.57799195932e-08
5.82535292313e-10	1.11799476343e-08
6.24141392663e-10	-6.32696472991e-09
6.65747493013e-10	-4.0973503701e-08
7.07353593364e-10	-9.11341473397e-08
7.48959693714e-10	-1.45457335066e-07
7.90565794064e-10	-1.81617309636e-07
8.32171894414e-10	-1.71180190023e-07
8.73777994764e-10	-9.12574122935e-08
9.15384095114e-10	6.06940204761e-08
9.56990195465e-10	2.5651974056e-07
9.98596295815e-10	4.39332040969e-07
1.04020239616e-09	5.40747123523e-07
1.08180849652e-09	5.08600692228e-07
1.12341459687e-09	3.32444159312e-07
1.16502069722e-09	5.33003472469e-08
1.20662679757e-09	-2.49028772714e-07
1.24823289792e-09	-4.86166584324e-07
1.28983899827e-09	-5.94530263243e-07
1.33144509862e-09	-5.55942847313e-07
1.37305119897e-09	-3.98001134272e-07
1.41465729932e-09	-1.7702133448e-07
1.45626339967e-09	4.52311113008e-08
1.49786950002e-09	2.20270436557e-07
1.53947560037e-09	3.21863609543e-07
1.58108170072e-09	3.45638596855e-07
1.62268780107e-09	3.03546812574e-07
1.66429390142e-09	2.16996781432e-07
1.70590000177e-09	1.10354093863e-07
1.74750610212e-09	5.78515724214e-09
1.78911220247e-09	-8.01259005812e-08
1.83071830282e-09	-1.37875957762e-07
1.87232440317e-09	-1.64760891153e-07
1.91393050352e-09	-1.63480066817e-07
1.95553660387e-09	-1.40076835464e-07
1.99714270422e-09	-1.02316704442e-07
2.03874880457e-09	-5.8269037595e-08
2.08035490492e-09	-1.52733203862e-08
2.12196100527e-09	2.0907686249e-08
2.16356710562e-09	4.65956517814e-08
2.20517320597e-09	6.02871708111e-08
2.24677930632e-09	6.26285086014e-08
