% time-domain current integration by openEMS v0.0.35-98-gb49bd2a @Mon Jul 31 13:09:51 2023
% start-coordinates: (-0.00368512,0.0132999,0.00129388) m -> [9,94,23]
% stop-coordinates: (-0.00261,0.0132999,0.00279497) m -> [10,94,31]
% t/s	current
4.29299509518e-14	-0
4.16849823742e-11	-0
8.33270347975e-11	4.61054195581e-14
1.24969087221e-10	-1.38472078855e-12
1.66611139644e-10	-1.65779161232e-11
2.08253192067e-10	-2.50686360559e-10
2.4989524449e-10	-3.43632428068e-10
2.91537296914e-10	-3.34953481618e-10
3.33179349337e-10	-3.91271841316e-11
3.7482140176e-10	1.03112030025e-09
4.16463454184e-10	3.55876705882e-09
4.58105506607e-10	7.9700352984e-09
4.9974755903e-10	1.40955371819e-08
5.41389611453e-10	1.99454710526e-08
5.83031663877e-10	2.10496864383e-08
6.246737163e-10	1.05350679291e-08
6.66315768723e-10	-1.9060728107e-08
7.07957821146e-10	-7.16098895737e-08
7.4959987357e-10	-1.42075847975e-07
7.91241925993e-10	-2.12221095808e-07
8.32883978416e-10	-2.51418555308e-07
8.74526030839e-10	-2.24714625574e-07
9.16168083263e-10	-1.07763696633e-07
9.57810135686e-10	9.69167928133e-08
9.99452188109e-10	3.50846164565e-07
1.04109424053e-09	5.84974714002e-07
1.08273629296e-09	7.209857813e-07
1.12437834538e-09	7.00875659732e-07
1.1660203978e-09	5.12085591708e-07
1.20766245023e-09	1.95371455902e-07
1.24930450265e-09	-1.68604117334e-07
1.29094655507e-09	-4.87892862111e-07
1.3325886075e-09	-6.89792045705e-07
1.37423065992e-09	-7.40597442928e-07
1.41587271234e-09	-6.48709942652e-07
1.45751476476e-09	-4.54128326055e-07
1.49915681719e-09	-2.11708766074e-07
1.54079886961e-09	2.41062867445e-08
1.58244092203e-09	2.09966472653e-07
1.62408297446e-09	3.19458564491e-07
1.66572502688e-09	3.4536051885e-07
1.7073670793e-09	2.986876666e-07
1.74900913173e-09	2.04284319238e-07
1.79065118415e-09	9.32208550353e-08
1.83229323657e-09	-5.98072169566e-09
1.873935289e-09	-7.43217185573e-08
1.91557734142e-09	-1.05268547657e-07
1.95721939384e-09	-1.03201081458e-07
1.99886144627e-09	-7.89368499454e-08
2.04050349869e-09	-4.48323334012e-08
2.08214555111e-09	-1.1231483299e-08
2.12378760354e-09	1.51249572866e-08
