% time-domain voltage integration by openEMS v0.0.35-98-gb49bd2a @Sat Jul 15 03:35:03 2023
% start-coordinates: (0.0432,0.03906,0.00139497) m -> [156,35,16]
% stop-coordinates: (0.0432,0.03906,0.00119278) m -> [156,35,14]
% t/s	voltage
0	-0
4.16359279358e-11	3.31177503199e-07
8.32718558715e-11	5.68719343619e-07
1.24907783807e-10	7.46577256905e-07
1.66543711743e-10	4.75720753457e-07
2.08179639679e-10	-8.99463486803e-07
2.49815567615e-10	-4.64345816908e-06
2.9145149555e-10	-1.21700409181e-05
3.33087423486e-10	-2.42052510657e-05
3.74723351422e-10	-3.93603240809e-05
4.16359279358e-10	-5.24101778865e-05
4.57995207293e-10	-5.30795732629e-05
4.99631135229e-10	-2.69477886832e-05
5.41267063165e-10	4.05786850024e-05
5.82902991101e-10	0.000157029135153
6.24538919036e-10	0.000314569115289
6.66174846972e-10	0.000484714357299
7.07810774908e-10	0.000620282313321
7.49446702844e-10	0.000666760810418
7.91082630779e-10	0.000580414343858
8.32718558715e-10	0.000346216053003
8.74354486651e-10	-1.27042767417e-05
9.15990414587e-10	-0.000439157040091
9.57626342523e-10	-0.000857969454955
9.99262270458e-10	-0.00119664316298
1.04089819839e-09	-0.00140171480598
1.08253412633e-09	-0.00144591130083
1.12417005427e-09	-0.00132723659044
1.1658059822e-09	-0.00106512755156
1.20744191014e-09	-0.000697684299666
1.24907783807e-09	-0.000279534302535
1.29071376601e-09	0.000123510923004
1.33234969394e-09	0.000446148813353
1.37398562188e-09	0.000639929319732
1.41562154982e-09	0.000687550724251
1.45725747775e-09	0.000607671332546
1.49889340569e-09	0.000446871461463
1.54052933362e-09	0.000262098881649
1.58216526156e-09	0.000101693993201
1.62380118949e-09	-7.08955826667e-06
1.66543711743e-09	-6.0210677475e-05
1.70707304537e-09	-7.02648503648e-05
1.7487089733e-09	-5.62875138712e-05
1.79034490124e-09	-3.50800946762e-05
1.83198082917e-09	-1.68893293448e-05
1.87361675711e-09	-5.35752587894e-06
1.91525268505e-09	1.30071967419e-07
1.95688861298e-09	1.78570996923e-06
1.99852454092e-09	1.71806021854e-06
2.04016046885e-09	1.15956436275e-06
2.08179639679e-09	6.02081485113e-07
2.12343232472e-09	2.25830405043e-07
2.16506825266e-09	4.24958699341e-08
2.2067041806e-09	6.32299617109e-08
2.24834010853e-09	1.63891598959e-07
2.28997603647e-09	2.69973369882e-07
2.3316119644e-09	3.37311732324e-07
2.37324789234e-09	3.37575116305e-07
2.41488382027e-09	2.73715457411e-07
2.45651974821e-09	1.78871630396e-07
2.49815567615e-09	1.09228047052e-07
2.53979160408e-09	1.13010624858e-07
