% time-domain voltage integration by openEMS v0.0.35-98-gb49bd2a @Sat Jul 22 04:20:46 2023
% start-coordinates: (0.01548,0.0137986,0.00139497) m -> [155,61,16]
% stop-coordinates: (0.015762,0.0137986,0.00139497) m -> [159,61,16]
% t/s	voltage
0	-0
4.16467949991e-11	-5.34985933331e-09
8.32935899982e-11	-1.27105859171e-08
1.24940384997e-10	-6.05036132306e-09
1.66587179996e-10	1.39402644983e-08
2.08233974996e-10	6.94684398894e-08
2.49880769995e-10	1.72483609617e-07
2.91527564994e-10	3.27743435946e-07
3.33174359993e-10	4.97296667845e-07
3.74821154992e-10	5.80124734029e-07
4.16467949991e-10	4.02071037797e-07
4.5811474499e-10	-2.467474296e-07
4.99761539989e-10	-1.51450916519e-06
5.41408334988e-10	-3.33688012688e-06
5.83055129987e-10	-5.29891894985e-06
6.24701924987e-10	-6.60381635953e-06
6.66348719986e-10	-6.25317147751e-06
7.07995514985e-10	-3.44530758412e-06
7.49642309984e-10	1.92571633306e-06
7.91289104983e-10	8.91209310794e-06
8.32935899982e-10	1.55592783813e-05
8.74582694981e-10	1.94703143279e-05
9.1622948998e-10	1.87399441529e-05
9.57876284979e-10	1.2857783986e-05
9.99523079978e-10	3.12209255071e-06
1.04116987498e-09	-7.70516953708e-06
1.08281666998e-09	-1.64041944117e-05
1.12446346498e-09	-2.05181549973e-05
1.16611025997e-09	-1.9235986656e-05
1.20775705497e-09	-1.35578538902e-05
1.24940384997e-09	-5.73306408569e-06
1.29105064497e-09	1.7063332507e-06
1.33269743997e-09	6.8550866672e-06
1.37434423497e-09	8.92931552698e-06
1.41599102997e-09	8.24635321806e-06
1.45763782497e-09	5.82322502396e-06
1.49928461997e-09	2.85040181325e-06
1.54093141497e-09	2.68434678929e-07
1.58257820997e-09	-1.43103960681e-06
1.62422500497e-09	-2.18764699866e-06
1.66587179996e-09	-2.21775275122e-06
1.70751859496e-09	-1.82900598134e-06
1.74916538996e-09	-1.28086830387e-06
1.79081218496e-09	-7.27023831359e-07
1.83245897996e-09	-2.29070629132e-07
1.87410577496e-09	1.94047611757e-07
1.91575256996e-09	5.21522274255e-07
1.95739936496e-09	7.16710360393e-07
1.99904615996e-09	7.39808527328e-07
2.04069295496e-09	5.96224495553e-07
2.08233974996e-09	3.20886620386e-07
2.12398654495e-09	3.32305588602e-09
2.16563333995e-09	-2.59684028947e-07
2.20728013495e-09	-3.95095689498e-07
2.24892692995e-09	-3.79371336123e-07
2.29057372495e-09	-2.39175989236e-07
2.33222051995e-09	-3.57057627909e-08
2.37386731495e-09	1.61279700706e-07
2.41551410995e-09	2.97772508873e-07
2.45716090495e-09	3.45564075133e-07
2.49880769995e-09	3.02877154468e-07
2.54045449495e-09	1.88083543406e-07
2.58210128994e-09	3.27899005725e-08
2.62374808494e-09	-1.25048579491e-07
2.66539487994e-09	-2.48118219304e-07
2.70704167494e-09	-3.07606512706e-07
2.74868846994e-09	-2.89362738215e-07
2.79033526494e-09	-1.98960400155e-07
2.83198205994e-09	-6.08903416577e-08
2.87362885494e-09	8.73205436847e-08
2.91527564994e-09	2.06624228838e-07
2.95692244494e-09	2.67044399038e-07
2.99856923994e-09	2.55841705155e-07
3.04021603493e-09	1.79934115607e-07
3.08186282993e-09	6.1937202922e-08
3.12350962493e-09	-6.63912862464e-08
3.16515641993e-09	-1.72799538234e-07
3.20680321493e-09	-2.3164154328e-07
3.24845000993e-09	-2.29885117164e-07
3.29009680493e-09	-1.69410490969e-07
3.33174359993e-09	-6.64228494429e-08
3.37339039493e-09	5.1904787135e-08
3.41503718993e-09	1.54454738777e-07
3.45668398493e-09	2.14021049771e-07
3.49833077992e-09	2.15190222974e-07
3.53997757492e-09	1.58525260474e-07
3.58162436992e-09	6.10074160079e-08
3.62327116492e-09	-4.94350969049e-08
3.66491795992e-09	-1.41533828213e-07
3.70656475492e-09	-1.90903531205e-07
3.74821154992e-09	-1.86026184679e-07
3.78985834492e-09	-1.31567352568e-07
3.83150513992e-09	-4.54640627368e-08
3.87315193492e-09	4.69007002124e-08
3.91479872992e-09	1.20535926129e-07
3.95644552491e-09	1.57609296281e-07
3.99809231991e-09	1.51121689385e-07
4.03973911491e-09	1.06167210134e-07
4.08138590991e-09	3.69306132342e-08
4.12303270491e-09	-3.75855648826e-08
4.16467949991e-09	-9.85738264347e-08
4.20632629491e-09	-1.32123126662e-07
4.24797308991e-09	-1.31447801976e-07
4.28961988491e-09	-9.85274137832e-08
4.33126667991e-09	-4.24086881168e-08
4.37291347491e-09	2.25949423616e-08
4.4145602699e-09	8.06436322165e-08
4.4562070649e-09	1.17815632805e-07
4.4978538599e-09	1.25333032841e-07
4.5395006549e-09	1.01539109565e-07
4.5811474499e-09	5.23984295953e-08
4.6227942449e-09	-9.61358881391e-09
4.6644410399e-09	-6.85163481506e-08
4.7060878349e-09	-1.08961028644e-07
4.7477346299e-09	-1.20034606255e-07
4.7893814249e-09	-9.87333361735e-08
4.8310282199e-09	-5.08130284516e-08
4.8726750149e-09	1.02525654633e-08
4.91432180989e-09	6.74415314705e-08
4.95596860489e-09	1.04638155918e-07
4.99761539989e-09	1.11426647464e-07
5.03926219489e-09	8.64170495163e-08
5.08090898989e-09	3.73883182192e-08
5.12255578489e-09	-2.09922825789e-08
5.16420257989e-09	-7.17058217248e-08
5.20584937489e-09	-1.00566420969e-07
5.24749616989e-09	-1.00227568467e-07
5.28914296489e-09	-7.21210309251e-08
5.33078975989e-09	-2.56547241229e-08
5.37243655488e-09	2.50925773493e-08
5.41408334988e-09	6.56754242101e-08
5.45573014488e-09	8.58327684483e-08
5.49737693988e-09	8.17493486238e-08
5.53902373488e-09	5.70234099939e-08
5.58067052988e-09	2.02649648173e-08
5.62231732488e-09	-1.76989374268e-08
5.66396411988e-09	-4.71941135061e-08
5.70561091488e-09	-6.22058653477e-08
5.74725770988e-09	-6.08350729792e-08
5.78890450488e-09	-4.5420954109e-08
5.83055129987e-09	-2.06765231603e-08
5.87219809487e-09	7.01765090483e-09
5.91384488987e-09	3.16053934135e-08
5.95549168487e-09	4.79443160728e-08
5.99713847987e-09	5.26703169967e-08
6.03878527487e-09	4.50540156294e-08
6.08043206987e-09	2.66276600769e-08
6.12207886487e-09	1.44953907211e-09
6.16372565987e-09	-2.47586600111e-08
6.20537245487e-09	-4.56180213604e-08
6.24701924987e-09	-5.56298598298e-08
6.28866604486e-09	-5.17691374213e-08
6.33031283986e-09	-3.42890000837e-08
6.37195963486e-09	-7.38616723339e-09
6.41360642986e-09	2.1864120292e-08
6.45525322486e-09	4.51857866679e-08
6.49690001986e-09	5.55781065614e-08
6.53854681486e-09	4.98648766722e-08
6.58019360986e-09	2.98075537586e-08
6.62184040486e-09	1.99121813482e-09
6.66348719986e-09	-2.45797933118e-08
6.70513399486e-09	-4.15463539127e-08
6.74678078985e-09	-4.38862137742e-08
6.78842758485e-09	-3.18516324427e-08
6.83007437985e-09	-1.03976891541e-08
6.87172117485e-09	1.25271963913e-08
6.91336796985e-09	2.92200073027e-08
6.95501476485e-09	3.47057609318e-08
6.99666155985e-09	2.85338930262e-08
7.03830835485e-09	1.41422291655e-08
7.07995514985e-09	-2.67204025572e-09
7.12160194485e-09	-1.63275686305e-08
7.16324873985e-09	-2.3273917904e-08
7.20489553484e-09	-2.31291825692e-08
7.24654232984e-09	-1.79197026107e-08
7.28818912484e-09	-1.0718811394e-08
7.32983591984e-09	-4.07179390205e-09
7.37148271484e-09	1.20963700168e-09
7.41312950984e-09	5.69299596354e-09
7.45477630484e-09	1.04659150235e-08
7.49642309984e-09	1.54946344644e-08
7.53806989484e-09	1.9363272763e-08
7.57971668984e-09	1.95260208002e-08
7.62136348484e-09	1.38920164261e-08
7.66301027983e-09	2.43559766799e-09
7.70465707483e-09	-1.22785999146e-08
7.74630386983e-09	-2.53149514684e-08
7.78795066483e-09	-3.16270316603e-08
7.82959745983e-09	-2.77810832117e-08
7.87124425483e-09	-1.39851212833e-08
7.91289104983e-09	6.01086558305e-09
7.95453784483e-09	2.58618020332e-08
7.99618463983e-09	3.88235337212e-08
8.03783143483e-09	4.032420442e-08
8.07947822983e-09	2.93962134634e-08
8.12112502483e-09	9.24359744303e-09
8.16277181982e-09	-1.39100539975e-08
8.20441861482e-09	-3.27719953397e-08
8.24606540982e-09	-4.15518899288e-08
8.28771220482e-09	-3.78820983471e-08
8.32935899982e-09	-2.34923160924e-08
8.37100579482e-09	-3.74914510548e-09
8.41265258982e-09	1.46028820147e-08
8.45429938482e-09	2.58050949498e-08
8.49594617982e-09	2.70765085908e-08
8.53759297482e-09	1.95158507132e-08
8.57923976982e-09	7.12004211145e-09
8.62088656481e-09	-4.96760466095e-09
8.66253335981e-09	-1.25073640334e-08
8.70418015481e-09	-1.3725973913e-08
8.74582694981e-09	-9.4522025762e-09
8.78747374481e-09	-2.42274716955e-09
8.82912053981e-09	4.24998325421e-09
8.87076733481e-09	8.24571610991e-09
8.91241412981e-09	8.97416563284e-09
8.95406092481e-09	7.28821714091e-09
8.99570771981e-09	4.68935856812e-09
9.03735451481e-09	2.58583998658e-09
9.0790013098e-09	1.416707196e-09
9.1206481048e-09	5.73967387507e-10
9.1622948998e-09	-9.10087463724e-10
9.2039416948e-09	-3.8112834555e-09
9.2455884898e-09	-7.73246200403e-09
9.2872352848e-09	-1.11489353305e-08
9.3288820798e-09	-1.20315539753e-08
9.3705288748e-09	-8.88721363168e-09
9.4121756698e-09	-2.00364408398e-09
9.4538224648e-09	6.50376252853e-09
9.4954692598e-09	1.31078339294e-08
9.53711605479e-09	1.46849803428e-08
9.57876284979e-09	9.89402759721e-09
9.62040964479e-09	-2.21616763569e-11
9.66205643979e-09	-1.12524523033e-08
9.70370323479e-09	-1.92173970071e-08
9.74535002979e-09	-2.01527941002e-08
9.78699682479e-09	-1.30526267572e-08
9.82864361979e-09	1.58090342033e-11
9.87029041479e-09	1.43432032917e-08
9.91193720979e-09	2.46932763126e-08
9.95358400479e-09	2.7291764404e-08
9.99523079978e-09	2.12006789901e-08
1.00368775948e-08	8.88316775693e-09
1.00785243898e-08	-5.05214803326e-09
1.01201711848e-08	-1.55333725882e-08
1.01618179798e-08	-1.91694495832e-08
1.02034647748e-08	-1.55172572569e-08
1.02451115698e-08	-7.15002257401e-09
1.02867583648e-08	1.44990561224e-09
1.03284051598e-08	6.27591623115e-09
1.03700519548e-08	5.32964317124e-09
1.04116987498e-08	-2.5817920718e-10
1.04533455448e-08	-6.98853086512e-09
1.04949923398e-08	-1.08432154367e-08
1.05366391348e-08	-9.30058252635e-09
1.05782859298e-08	-2.6334738279e-09
1.06199327248e-08	6.20054085854e-09
1.06615795198e-08	1.29909849544e-08
1.07032263148e-08	1.44220420051e-08
1.07448731098e-08	9.70544622447e-09
1.07865199048e-08	8.57578480451e-10
1.08281666998e-08	-8.1223475723e-09
1.08698134948e-08	-1.32496782435e-08
1.09114602898e-08	-1.21874665915e-08
1.09531070848e-08	-5.3470571304e-09
1.09947538798e-08	4.39342118241e-09
1.10364006748e-08	1.29993871223e-08
1.10780474698e-08	1.6920703505e-08
1.11196942648e-08	1.46114511601e-08
1.11613410598e-08	7.13319603385e-09
1.12029878548e-08	-2.51128884354e-09
1.12446346498e-08	-1.04880588658e-08
1.12862814448e-08	-1.39677278632e-08
1.13279282398e-08	-1.19967742407e-08
1.13695750348e-08	-5.96564975197e-09
1.14112218298e-08	1.27792942894e-09
1.14528686248e-08	6.69688082766e-09
1.14945154198e-08	8.18913570289e-09
1.15361622148e-08	5.51338041888e-09
1.15778090098e-08	6.12906574451e-11
1.16194558047e-08	-5.84104209445e-09
1.16611025997e-08	-9.86178538831e-09
1.17027493947e-08	-1.06194966154e-08
1.17443961897e-08	-7.97050625501e-09
1.17860429847e-08	-3.01486435816e-09
1.18276897797e-08	2.52450427229e-09
1.18693365747e-08	6.96860447125e-09
1.19109833697e-08	9.17796971756e-09
1.19526301647e-08	9.02371599665e-09
1.19942769597e-08	7.02497426897e-09
1.20359237547e-08	4.35690705736e-09
1.20775705497e-08	2.04060268683e-09
1.21192173447e-08	5.8977030204e-10
1.21608641397e-08	-1.66775496191e-10
1.22025109347e-08	-8.64421950686e-10
1.22441577297e-08	-1.9836504106e-09
1.22858045247e-08	-3.47419548685e-09
1.23274513197e-08	-4.52144544028e-09
1.23690981147e-08	-4.2053063809e-09
1.24107449097e-08	-1.9959476294e-09
1.24523917047e-08	1.61962848688e-09
1.24940384997e-08	5.04642005961e-09
1.25356852947e-08	6.28779084355e-09
1.25773320897e-08	3.96188659657e-09
1.26189788847e-08	-1.78426415309e-09
1.26606256797e-08	-9.0370424477e-09
1.27022724747e-08	-1.47296244091e-08
1.27439192697e-08	-1.60377136016e-08
1.27855660647e-08	-1.16236249514e-08
1.28272128597e-08	-2.43289205448e-09
1.28688596547e-08	8.57143023225e-09
1.29105064497e-08	1.7368293026e-08
1.29521532447e-08	2.06003356595e-08
1.29938000397e-08	1.68393770039e-08
1.30354468347e-08	7.37308325505e-09
1.30770936297e-08	-4.13284412248e-09
1.31187404247e-08	-1.31261657099e-08
1.31603872197e-08	-1.59452198112e-08
1.32020340147e-08	-1.15349905183e-08
1.32436808097e-08	-1.81559839385e-09
1.32853276047e-08	8.868965784e-09
1.33269743997e-08	1.57777433341e-08
1.33686211947e-08	1.57684856283e-08
1.34102679897e-08	8.73801520029e-09
1.34519147847e-08	-2.24530616322e-09
1.34935615797e-08	-1.24563368509e-08
1.35352083747e-08	-1.74876895187e-08
1.35768551697e-08	-1.53846957396e-08
1.36185019647e-08	-7.29755988971e-09
1.36601487597e-08	3.01602104402e-09
1.37017955547e-08	1.09989757302e-08
1.37434423497e-08	1.33034281369e-08
1.37850891447e-08	9.13246545053e-09
1.38267359397e-08	5.81216852424e-10
1.38683827347e-08	-8.52255332973e-09
1.39100295297e-08	-1.41988356628e-08
1.39516763247e-08	-1.39779734454e-08
1.39933231197e-08	-8.04951238997e-09
1.40349699147e-08	1.08997805226e-09
1.40766167097e-08	9.63911128693e-09
1.41182635047e-08	1.42033496076e-08
1.41599102997e-08	1.33156530246e-08
1.42015570947e-08	7.93341026206e-09
1.42432038897e-08	9.9605598769e-10
1.42848506847e-08	-4.18095269517e-09
1.43264974797e-08	-5.29677002259e-09
1.43681442747e-08	-2.28096552757e-09
1.44097910697e-08	2.80459316881e-09
1.44514378647e-08	6.94323909478e-09
1.44930846597e-08	7.542495295e-09
1.45347314547e-08	3.80655790222e-09
1.45763782497e-08	-3.00198810255e-09
1.46180250447e-08	-1.01365804639e-08
1.46596718397e-08	-1.47292928965e-08
1.47013186347e-08	-1.49535772653e-08
1.47429654297e-08	-1.07561706209e-08
1.47846122247e-08	-3.73612496496e-09
1.48262590197e-08	3.61928553794e-09
1.48679058147e-08	8.91272766701e-09
1.49095526097e-08	1.06825071011e-08
1.49511994047e-08	8.87204154587e-09
1.49928461997e-08	4.69520733404e-09
1.50344929947e-08	9.68237868354e-11
1.50761397897e-08	-3.01917396639e-09
1.51177865847e-08	-3.653711389e-09
1.51594333797e-08	-1.98778171701e-09
1.52010801747e-08	6.79826694938e-10
1.52427269697e-08	2.66244892799e-09
1.52843737647e-08	2.72166816861e-09
1.53260205597e-08	7.79472347778e-10
1.53676673547e-08	-1.91624810464e-09
1.54093141497e-08	-3.57377732962e-09
1.54509609447e-08	-2.64203425804e-09
1.54926077397e-08	9.85128589814e-10
1.55342545347e-08	5.92384774567e-09
1.55759013297e-08	9.68847357896e-09
1.56175481247e-08	1.0012951579e-08
1.56591949197e-08	5.91067161881e-09
1.57008417147e-08	-1.66371755261e-09
1.57424885097e-08	-1.00444661477e-08
1.57841353047e-08	-1.59432793634e-08
1.58257820997e-08	-1.67828964059e-08
1.58674288947e-08	-1.19178646951e-08
1.59090756897e-08	-3.02011227138e-09
1.59507224847e-08	6.41767317067e-09
1.59923692797e-08	1.25630255088e-08
1.60340160747e-08	1.29025690132e-08
1.60756628697e-08	7.42237316054e-09
1.61173096647e-08	-1.19433693491e-09
1.61589564597e-08	-8.73933569956e-09
1.62006032547e-08	-1.13166893634e-08
1.62422500497e-08	-7.29469973315e-09
1.62838968446e-08	1.84787027346e-09
1.63255436396e-08	1.20374143986e-08
1.63671904346e-08	1.84633632827e-08
1.64088372296e-08	1.77897194753e-08
1.64504840246e-08	9.82584991149e-09
1.64921308196e-08	-2.49398407481e-09
1.65337776146e-08	-1.42189024999e-08
1.65754244096e-08	-2.06912886824e-08
1.66170712046e-08	-1.94404559117e-08
1.66587179996e-08	-1.12024796106e-08
1.67003647946e-08	5.48468312433e-10
1.67420115896e-08	1.1115311338e-08
1.67836583846e-08	1.65455587009e-08
1.68253051796e-08	1.52081183202e-08
1.68669519746e-08	8.28281676579e-09
1.69085987696e-08	-1.02021552317e-09
1.69502455646e-08	-8.78281336547e-09
1.69918923596e-08	-1.21999736979e-08
1.70335391546e-08	-1.06060031868e-08
1.70751859496e-08	-5.54134294006e-09
1.71168327446e-08	1.29758610107e-10
1.71584795396e-08	3.71215103101e-09
1.72001263346e-08	3.94002103166e-09
1.72417731296e-08	1.4646834301e-09
1.72834199246e-08	-1.70326902582e-09
1.73250667196e-08	-3.39870454003e-09
1.73667135146e-08	-2.35980740504e-09
1.74083603096e-08	9.94077417604e-10
1.74500071046e-08	5.07583197695e-09
1.74916538996e-08	7.88500575943e-09
1.75333006946e-08	8.15227862994e-09
1.75749474896e-08	5.87698678611e-09
1.76165942846e-08	2.20320206523e-09
1.76582410796e-08	-1.17998583127e-09
1.76998878746e-08	-3.00327274161e-09
1.77415346696e-08	-2.82363665782e-09
1.77831814646e-08	-1.2914634917e-09
1.78248282596e-08	2.66080782407e-10
1.78664750546e-08	5.30949076372e-10
1.79081218496e-08	-1.18757159662e-09
1.79497686446e-08	-4.44535841471e-09
1.79914154396e-08	-7.85643983203e-09
1.80330622346e-08	-9.60233870195e-09
1.80747090296e-08	-8.38058833441e-09
1.81163558246e-08	-4.01140176631e-09
1.81580026196e-08	2.1900609104e-09
1.81996494146e-08	8.02921862331e-09
1.82412962096e-08	1.11730236174e-08
1.82829430046e-08	1.04193447203e-08
1.83245897996e-08	6.06958650007e-09
1.83662365946e-08	1.01536056039e-11
1.84078833896e-08	-5.25275445362e-09
1.84495301846e-08	-7.61590024378e-09
1.84911769796e-08	-6.2971199366e-09
1.85328237746e-08	-2.06716913032e-09
1.85744705696e-08	3.1114353316e-09
1.86161173646e-08	6.97034840957e-09
1.86577641596e-08	7.85500708922e-09
1.86994109546e-08	5.47543954621e-09
1.87410577496e-08	9.63121832287e-10
1.87827045446e-08	-3.60201601879e-09
1.88243513396e-08	-6.13696815588e-09
1.88659981346e-08	-5.45354295056e-09
1.89076449296e-08	-1.90292578917e-09
1.89492917246e-08	2.78873640847e-09
1.89909385196e-08	6.12579142967e-09
1.90325853146e-08	6.09748052049e-09
1.90742321096e-08	2.11411821383e-09
1.91158789046e-08	-4.48814663212e-09
1.91575256996e-08	-1.09303928131e-08
1.91991724946e-08	-1.41364184802e-08
1.92408192896e-08	-1.21989729429e-08
1.92824660846e-08	-5.37304334358e-09
1.93241128796e-08	3.87928300594e-09
1.93657596746e-08	1.19701488721e-08
1.94074064696e-08	1.55539201518e-08
1.94490532646e-08	1.32342266035e-08
1.94907000596e-08	6.02402983052e-09
1.95323468546e-08	-2.93928442696e-09
1.95739936496e-08	-9.88733761531e-09
1.96156404446e-08	-1.19560279455e-08
1.96572872396e-08	-8.47451131492e-09
1.96989340346e-08	-1.188254245e-09
1.97405808296e-08	6.64913535342e-09
1.97822276246e-08	1.16627523195e-08
1.98238744196e-08	1.18716310116e-08
1.98655212146e-08	7.53109330454e-09
1.99071680096e-08	7.66382471373e-10
1.99488148046e-08	-5.38657674021e-09
1.99904615996e-08	-8.51721981832e-09
2.00321083946e-08	-7.79838349452e-09
2.00737551896e-08	-4.36257430181e-09
2.01154019846e-08	-4.71019452608e-10
2.01570487796e-08	1.62967994655e-09
2.01986955746e-08	8.64976937298e-10
2.02403423696e-08	-2.09635442339e-09
2.02819891646e-08	-5.22296195182e-09
2.03236359596e-08	-6.2876333029e-09
2.03652827546e-08	-4.09458200679e-09
2.04069295496e-08	7.44841091582e-10
2.04485763446e-08	6.05465610981e-09
2.04902231396e-08	9.18388964877e-09
2.05318699346e-08	8.39338187841e-09
2.05735167296e-08	3.91829479973e-09
2.06151635246e-08	-2.14233897289e-09
2.06568103196e-08	-6.75466194089e-09
2.06984571146e-08	-7.50212025835e-09
2.07401039096e-08	-3.80842773984e-09
2.07817507046e-08	2.79347872612e-09
2.08233974996e-08	9.24729670615e-09
2.08650442946e-08	1.24825909609e-08
2.09066910895e-08	1.06685518197e-08
2.09483378845e-08	4.15633338857e-09
2.09899846795e-08	-4.70968530841e-09
2.10316314745e-08	-1.24361685394e-08
2.10732782695e-08	-1.58293147479e-08
2.11149250645e-08	-1.32514661466e-08
2.11565718595e-08	-5.45266398699e-09
2.11982186545e-08	4.66604921368e-09
2.12398654495e-08	1.31061084208e-08
2.12815122445e-08	1.63489788374e-08
2.13231590395e-08	1.28131683041e-08
2.13648058345e-08	3.62543450816e-09
2.14064526295e-08	-7.78367836851e-09
2.14480994245e-08	-1.69599720934e-08
2.14897462195e-08	-2.02636107893e-08
2.15313930145e-08	-1.62805933179e-08
2.15730398095e-08	-6.4906338082e-09
2.16146866045e-08	5.42381206614e-09
2.16563333995e-08	1.50072556604e-08
2.16979801945e-08	1.88791369204e-08
2.17396269895e-08	1.59496753582e-08
2.17812737845e-08	7.82219511386e-09
2.18229205795e-08	-1.99326488648e-09
2.18645673745e-08	-9.38713795584e-09
2.19062141695e-08	-1.14392075812e-08
2.19478609645e-08	-7.48628325997e-09
2.19895077595e-08	4.5432601431e-10
2.20311545545e-08	8.62291993364e-09
2.20728013495e-08	1.29943233951e-08
2.21144481445e-08	1.11929119306e-08
2.21560949395e-08	3.58104473852e-09
2.21977417345e-08	-6.78776812535e-09
2.22393885295e-08	-1.54439068201e-08
2.22810353245e-08	-1.85302604372e-08
2.23226821195e-08	-1.45653571426e-08
2.23643289145e-08	-5.11465081399e-09
2.24059757095e-08	5.89179183219e-09
2.24476225045e-08	1.39290099455e-08
2.24892692995e-08	1.58280242246e-08
2.25309160945e-08	1.11162725691e-08
2.25725628895e-08	2.01690331103e-09
2.26142096845e-08	-7.5064912064e-09
2.26558564795e-08	-1.35073248142e-08
2.26975032745e-08	-1.36632214431e-08
2.27391500695e-08	-8.19923196005e-09
2.27807968645e-08	4.10585503097e-10
2.28224436595e-08	8.40766856136e-09
2.28640904545e-08	1.26042012383e-08
2.29057372495e-08	1.15390377253e-08
2.29473840445e-08	6.26468898979e-09
2.29890308395e-08	-3.97856560197e-10
2.30306776345e-08	-5.12909936745e-09
2.30723244295e-08	-5.73630321021e-09
2.31139712245e-08	-2.24691942829e-09
2.31556180195e-08	3.27498939079e-09
2.31972648145e-08	7.74074204735e-09
2.32389116095e-08	8.6690052914e-09
2.32805584045e-08	5.36461453038e-09
2.33222051995e-08	-8.38623476218e-10
2.33638519945e-08	-7.30080118583e-09
2.34054987895e-08	-1.14757727765e-08
2.34471455845e-08	-1.20305112539e-08
2.34887923795e-08	-9.36715904842e-09
2.35304391745e-08	-5.18338882927e-09
2.35720859695e-08	-1.48084192131e-09
2.36137327645e-08	5.23224769067e-10
2.36553795595e-08	8.37819563726e-10
2.36970263545e-08	5.82175210817e-10
2.37386731495e-08	1.18017309814e-09
2.37803199445e-08	3.52204099219e-09
2.38219667395e-08	7.28467308697e-09
2.38636135345e-08	1.10072428949e-08
2.39052603295e-08	1.2645144043e-08
2.39469071245e-08	1.06136697209e-08
2.39885539195e-08	4.73715744409e-09
2.40302007145e-08	-3.36638250609e-09
2.40718475095e-08	-1.08039905911e-08
2.41134943045e-08	-1.45873959578e-08
2.41551410995e-08	-1.30050701319e-08
2.41967878945e-08	-6.53765386271e-09
2.42384346895e-08	2.25711760393e-09
2.42800814845e-08	9.79693104419e-09
2.43217282795e-08	1.30012940414e-08
2.43633750745e-08	1.06371100816e-08
2.44050218695e-08	3.78706854764e-09
2.44466686645e-08	-4.65422211882e-09
2.44883154595e-08	-1.13085352194e-08
2.45299622545e-08	-1.35907134435e-08
2.45716090495e-08	-1.07799680293e-08
2.46132558445e-08	-4.12025891183e-09
2.46549026395e-08	3.64422214627e-09
2.46965494345e-08	9.40113742409e-09
2.47381962295e-08	1.07940012484e-08
2.47798430245e-08	7.2387593697e-09
2.48214898195e-08	1.41108576213e-10
2.48631366145e-08	-7.48623230074e-09
2.49047834095e-08	-1.22709593597e-08
2.49464302045e-08	-1.18133116622e-08
2.49880769995e-08	-5.85325388158e-09
2.50297237945e-08	3.5333207471e-09
2.50713705895e-08	1.26983386028e-08
2.51130173845e-08	1.79056436345e-08
2.51546641795e-08	1.70853691195e-08
2.51963109745e-08	1.06399429267e-08
2.52379577695e-08	1.30703484147e-09
2.52796045645e-08	-7.14737358187e-09
2.53212513595e-08	-1.16863980715e-08
2.53628981545e-08	-1.12038349709e-08
2.54045449495e-08	-6.9248070611e-09
2.54461917445e-08	-1.49483039835e-09
2.54878385395e-08	2.26429430761e-09
2.55294853344e-08	2.78069117732e-09
2.55711321294e-08	2.61391575052e-10
2.56127789244e-08	-3.52774942591e-09
2.56544257194e-08	-6.28011542769e-09
2.56960725144e-08	-6.2382576882e-09
2.57377193094e-08	-3.15051046362e-09
2.57793661044e-08	1.70884545403e-09
2.58210128994e-08	6.04744465615e-09
2.58626596944e-08	7.76172881523e-09
2.59043064894e-08	5.92593230042e-09
2.59459532844e-08	1.41586406488e-09
2.59876000794e-08	-3.50951173678e-09
2.60292468744e-08	-6.29697749499e-09
2.60708936694e-08	-5.38849664888e-09
2.61125404644e-08	-1.07788419856e-09
2.61541872594e-08	4.59409010833e-09
2.61958340544e-08	8.86467166339e-09
2.62374808494e-08	9.62459933973e-09
2.62791276444e-08	6.54746834527e-09
2.63207744394e-08	1.12711129319e-09
2.63624212344e-08	-3.98462157714e-09
2.64040680294e-08	-6.42804021123e-09
2.64457148244e-08	-5.28680565992e-09
2.64873616194e-08	-1.51424470185e-09
2.65290084144e-08	2.59420185333e-09
2.65706552094e-08	4.54844373277e-09
2.66123020044e-08	2.91096768912e-09
2.66539487994e-08	-1.92438801006e-09
2.66955955944e-08	-7.88192422441e-09
2.67372423894e-08	-1.21020733435e-08
2.67788891844e-08	-1.22244077083e-08
2.68205359794e-08	-7.57833684695e-09
2.68621827744e-08	3.39375763603e-10
2.69038295694e-08	8.42609482188e-09
2.69454763644e-08	1.32173920697e-08
2.69871231594e-08	1.25003423168e-08
2.70287699544e-08	6.46905429225e-09
2.70704167494e-08	-2.21668683409e-09
2.71120635444e-08	-9.52482870353e-09
2.71537103394e-08	-1.18555467665e-08
2.71953571344e-08	-7.78011066682e-09
2.72370039294e-08	1.15584422589e-09
2.72786507244e-08	1.10781881446e-08
2.73202975194e-08	1.74991288127e-08
2.73619443144e-08	1.7389982343e-08
2.74035911094e-08	1.04704989123e-08
2.74452379044e-08	-5.69813515816e-10
2.74868846994e-08	-1.13991276418e-08
2.75285314944e-08	-1.77951666736e-08
2.75701782894e-08	-1.74368550709e-08
2.76118250844e-08	-1.07728741483e-08
2.76534718794e-08	-7.29212704109e-10
2.76951186744e-08	8.50359005433e-09
2.77367654694e-08	1.32584054846e-08
2.77784122644e-08	1.17588334625e-08
2.78200590594e-08	4.79372963547e-09
2.78617058544e-08	-4.68563154943e-09
2.79033526494e-08	-1.2800692728e-08
2.79449994444e-08	-1.62515838564e-08
2.79866462394e-08	-1.36459803457e-08
2.80282930344e-08	-5.962772609e-09
2.80699398294e-08	3.90355914259e-09
2.81115866244e-08	1.23298784516e-08
2.81532334194e-08	1.64118398871e-08
2.81948802144e-08	1.50367878149e-08
2.82365270094e-08	9.19522435971e-09
2.82781738044e-08	1.49490231305e-09
2.83198205994e-08	-5.03580499522e-09
2.83614673944e-08	-8.07081823595e-09
2.84031141894e-08	-6.95615887114e-09
2.84447609844e-08	-2.7804272773e-09
2.84864077794e-08	2.15104078993e-09
2.85280545744e-08	5.38066657896e-09
2.85697013694e-08	5.42616529486e-09
2.86113481644e-08	2.34754260475e-09
2.86529949594e-08	-2.24664142845e-09
2.86946417544e-08	-6.04280647742e-09
2.87362885494e-08	-7.15828862852e-09
2.87779353444e-08	-5.0792192674e-09
2.88195821394e-08	-1.04388066247e-09
2.88612289344e-08	2.66741129185e-09
2.89028757294e-08	3.84741494219e-09
2.89445225244e-08	1.62521646141e-09
2.89861693194e-08	-3.02094765869e-09
2.90278161144e-08	-7.64907304163e-09
2.90694629094e-08	-9.62076973643e-09
2.91111097044e-08	-7.44061923186e-09
2.91527564994e-08	-1.58381080473e-09
2.91944032944e-08	5.68913527399e-09
2.92360500894e-08	1.13349634123e-08
2.92776968844e-08	1.30637669571e-08
2.93193436794e-08	1.03379449445e-08
2.93609904744e-08	4.59364746241e-09
2.94026372694e-08	-1.45753861758e-09
2.94442840644e-08	-5.14406595098e-09
2.94859308594e-08	-5.03024499832e-09
2.95275776544e-08	-1.56321694478e-09
2.95692244494e-08	3.22937865338e-09
2.96108712444e-08	6.60522769813e-09
2.96525180394e-08	6.46935760518e-09
2.96941648344e-08	2.30259494804e-09
2.97358116294e-08	-4.52028658948e-09
2.97774584244e-08	-1.13007867508e-08
2.98191052194e-08	-1.51037686802e-08
2.98607520144e-08	-1.40669798032e-08
2.99023988094e-08	-8.21918710869e-09
2.99440456044e-08	4.61744878444e-10
2.99856923994e-08	8.77057537707e-09
3.00273391944e-08	1.36117608296e-08
3.00689859894e-08	1.32766730943e-08
3.01106327844e-08	8.17288792199e-09
3.01522795794e-08	5.90501647579e-10
3.01939263743e-08	-6.29267560281e-09
3.02355731693e-08	-9.75757097343e-09
3.02772199643e-08	-8.71080696463e-09
3.03188667593e-08	-4.01292132857e-09
3.03605135543e-08	1.98965188769e-09
3.04021603493e-08	6.59052068475e-09
3.04438071443e-08	7.91475696094e-09
3.04854539393e-08	5.69786096083e-09
3.05271007343e-08	1.27184598964e-09
3.05687475293e-08	-3.02811448138e-09
3.06103943243e-08	-5.04669905865e-09
3.06520411193e-08	-3.64059371538e-09
3.06936879143e-08	6.63166632719e-10
3.07353347093e-08	5.9539425612e-09
3.07769815043e-08	9.68684310543e-09
3.08186282993e-08	9.78296310628e-09
3.08602750943e-08	5.64027413663e-09
3.09019218893e-08	-1.59512097975e-09
3.09435686843e-08	-9.37703603654e-09
3.09852154793e-08	-1.48744783157e-08
3.10268622743e-08	-1.61122744036e-08
3.10685090693e-08	-1.27560082497e-08
3.11101558643e-08	-6.20171780596e-09
3.11518026593e-08	1.16098317071e-09
3.11934494543e-08	6.91094270699e-09
3.12350962493e-08	9.54709022949e-09
3.12767430443e-08	8.88081963524e-09
3.13183898393e-08	5.89980220234e-09
3.13600366343e-08	2.1927062388e-09
3.14016834293e-08	-6.89476933879e-10
3.14433302243e-08	-1.78560446984e-09
3.14849770193e-08	-9.34977956168e-10
3.15266238143e-08	1.19975801516e-09
3.15682706093e-08	3.51976525703e-09
3.16099174043e-08	4.86045437231e-09
3.16515641993e-08	4.53344439766e-09
3.16932109943e-08	2.60339788616e-09
3.17348577893e-08	-1.868542647e-10
3.17765045843e-08	-2.73533296014e-09
3.18181513793e-08	-4.19730661338e-09
3.18597981743e-08	-4.35887248518e-09
3.19014449693e-08	-3.72548419891e-09
3.19430917643e-08	-3.08350678324e-09
3.19847385593e-08	-2.94562946257e-09
3.20263853543e-08	-3.10867276365e-09
3.20680321493e-08	-2.77644213176e-09
3.21096789443e-08	-1.14426934594e-09
3.21513257393e-08	1.84401727221e-09
3.21929725343e-08	5.18254528181e-09
3.22346193293e-08	7.11696424016e-09
3.22762661243e-08	6.03520122766e-09
3.23179129193e-08	1.55868035145e-09
3.23595597143e-08	-5.01960428778e-09
3.24012065093e-08	-1.10094069417e-08
3.24428533043e-08	-1.34727846657e-08
3.24845000993e-08	-1.05617663504e-08
3.25261468943e-08	-2.58251470209e-09
3.25677936893e-08	7.96771648659e-09
3.26094404843e-08	1.72300489432e-08
3.26510872793e-08	2.15488844546e-08
3.26927340743e-08	1.89713986742e-08
3.27343808693e-08	1.02049180217e-08
3.27760276643e-08	-1.62071395193e-09
3.28176744593e-08	-1.21498131556e-08
3.28593212543e-08	-1.75715952899e-08
3.29009680493e-08	-1.62309086171e-08
3.29426148443e-08	-9.28246057796e-09
3.29842616393e-08	-1.40043979885e-10
3.30259084343e-08	7.09379821551e-09
3.30675552293e-08	9.44110034595e-09
3.31092020243e-08	6.28795482349e-09
3.31508488193e-08	-4.18286197346e-10
3.31924956143e-08	-7.3110647536e-09
3.32341424093e-08	-1.10670397291e-08
3.32757892043e-08	-9.97361415678e-09
3.33174359993e-08	-4.51106474397e-09
3.33590827943e-08	2.94228025277e-09
3.34007295893e-08	9.2886842662e-09
3.34423763843e-08	1.20041807605e-08
3.34840231793e-08	1.01460673196e-08
3.35256699743e-08	4.64646443543e-09
3.35673167693e-08	-2.09754816294e-09
3.36089635643e-08	-7.30652838232e-09
3.36506103593e-08	-8.85553319563e-09
3.36922571543e-08	-6.22563312014e-09
3.37339039493e-08	-6.81126599567e-10
3.37755507443e-08	5.27759258517e-09
3.38171975393e-08	9.02391783519e-09
3.38588443343e-08	8.98494145751e-09
3.39004911293e-08	5.33671551395e-09
3.39421379243e-08	-1.37643695053e-10
3.39837847193e-08	-4.91004770176e-09
3.40254315143e-08	-7.01042313089e-09
3.40670783093e-08	-5.84225268163e-09
3.41087251043e-08	-2.49490722526e-09
3.41503718993e-08	1.00013972104e-09
3.41920186943e-08	2.69578176448e-09
3.42336654893e-08	1.73295983119e-09
3.42753122843e-08	-1.32960756294e-09
3.43169590793e-08	-4.80682138537e-09
3.43586058743e-08	-6.8385537233e-09
3.44002526693e-08	-6.2396281475e-09
3.44418994643e-08	-3.11598852276e-09
3.44835462593e-08	1.28405958089e-09
3.45251930543e-08	5.09971875839e-09
3.45668398493e-08	6.82777290262e-09
3.46084866443e-08	5.95990934382e-09
3.46501334393e-08	3.23183774187e-09
3.46917802343e-08	2.08810323199e-10
3.47334270293e-08	-1.48686929435e-09
3.47750738243e-08	-1.01715577627e-09
3.48167206192e-08	1.269362504e-09
3.48583674142e-08	3.97317090339e-09
3.49000142092e-08	5.37301558801e-09
3.49416610042e-08	4.30583058098e-09
3.49833077992e-08	8.57897794471e-10
3.50249545942e-08	-3.62842561552e-09
3.50666013892e-08	-7.10854486385e-09
3.51082481842e-08	-7.82273412714e-09
3.51498949792e-08	-5.19326515125e-09
3.51915417742e-08	-2.14064013043e-10
3.52331885692e-08	4.9196251517e-09
3.52748353642e-08	7.70813279871e-09
3.53164821592e-08	6.52747156327e-09
3.53581289542e-08	1.4347029953e-09
3.53997757492e-08	-5.69289682062e-09
3.54414225442e-08	-1.18410017347e-08
3.54830693392e-08	-1.41122356023e-08
3.55247161342e-08	-1.09455109421e-08
3.55663629292e-08	-2.94739838091e-09
3.56080097242e-08	7.16814119173e-09
3.56496565192e-08	1.55495369913e-08
3.56913033142e-08	1.86730808593e-08
3.57329501092e-08	1.49601837585e-08
3.57745969042e-08	5.54534829167e-09
3.58162436992e-08	-5.93778270996e-09
3.58578904942e-08	-1.48476044792e-08
3.58995372892e-08	-1.74489680482e-08
3.59411840842e-08	-1.26176440407e-08
3.59828308792e-08	-2.38116504292e-09
3.60244776742e-08	8.89212525834e-09
3.60661244692e-08	1.64920346268e-08
3.61077712642e-08	1.72947416388e-08
3.61494180592e-08	1.11901983235e-08
3.61910648542e-08	9.29416266171e-10
3.62327116492e-08	-9.18063647326e-09
3.62743584442e-08	-1.51892769473e-08
3.63160052392e-08	-1.51159331718e-08
3.63576520342e-08	-9.55851020557e-09
3.63992988292e-08	-1.25592752864e-09
3.64409456242e-08	6.2561801295e-09
3.64825924192e-08	1.01044481671e-08
3.65242392142e-08	9.09098574198e-09
3.65658860092e-08	4.04024602663e-09
3.66075328042e-08	-2.78003775556e-09
3.66491795992e-08	-8.57524917741e-09
3.66908263942e-08	-1.11647506795e-08
3.67324731892e-08	-9.65564606048e-09
3.67741199842e-08	-4.74798089733e-09
3.68157667792e-08	1.71522343551e-09
3.68574135742e-08	7.46303174814e-09
3.68990603692e-08	1.07432618357e-08
3.69407071642e-08	1.08826454515e-08
3.69823539592e-08	8.51485126852e-09
3.70240007542e-08	5.0082286096e-09
3.70656475492e-08	1.83924078745e-09
3.71072943442e-08	-1.7084989673e-10
3.71489411392e-08	-1.03673496177e-09
3.71905879342e-08	-1.44559123005e-09
3.72322347292e-08	-2.17839929428e-09
3.72738815242e-08	-3.60711521763e-09
3.73155283192e-08	-5.45423650689e-09
3.73571751142e-08	-6.96403534839e-09
3.73988219092e-08	-7.26052562516e-09
3.74404687042e-08	-5.85233761452e-09
3.74821154992e-08	-2.85401918765e-09
3.75237622942e-08	9.31225485612e-10
3.75654090892e-08	4.30157021114e-09
3.76070558842e-08	6.08804828772e-09
3.76487026792e-08	5.67713398514e-09
3.76903494742e-08	3.30381083602e-09
3.77319962692e-08	9.55590780116e-11
3.77736430642e-08	-2.47515380414e-09
3.78152898592e-08	-3.21876802989e-09
3.78569366542e-08	-1.94623120398e-09
3.78985834492e-08	5.14988995892e-10
3.79402302442e-08	2.65253380372e-09
3.79818770392e-08	3.16896436869e-09
3.80235238342e-08	1.71233213719e-09
3.80651706292e-08	-8.74054245648e-10
3.81068174242e-08	-2.99967739537e-09
3.81484642192e-08	-3.19149368044e-09
3.81901110142e-08	-9.49904974124e-10
3.82317578092e-08	2.93063723289e-09
3.82734046042e-08	6.70868172126e-09
3.83150513992e-08	8.49727643804e-09
3.83566981942e-08	7.16489023667e-09
3.83983449892e-08	2.84555801144e-09
3.84399917842e-08	-3.08658065773e-09
3.84816385792e-08	-8.56821080752e-09
3.85232853742e-08	-1.16275347128e-08
3.85649321692e-08	-1.11063660491e-08
3.86065789642e-08	-7.20659665276e-09
3.86482257592e-08	-1.38331690547e-09
3.86898725542e-08	4.06590877633e-09
3.87315193492e-08	6.98442770286e-09
3.87731661442e-08	6.19070672503e-09
3.88148129392e-08	2.19053752915e-09
3.88564597342e-08	-3.01240998812e-09
3.88981065292e-08	-6.71138289388e-09
3.89397533242e-08	-6.76051570281e-09
3.89814001192e-08	-2.64437149955e-09
3.90230469142e-08	4.13705802949e-09
3.90646937092e-08	1.07145161632e-08
3.91063405042e-08	1.40782401292e-08
3.91479872992e-08	1.24753278818e-08
3.91896340942e-08	6.19569373583e-09
3.92312808892e-08	-2.50393811241e-09
3.92729276842e-08	-1.03339228286e-08
3.93145744792e-08	-1.43458604995e-08
3.93562212742e-08	-1.30825781319e-08
3.93978680692e-08	-7.17608328316e-09
3.94395148642e-08	9.49005374284e-10
3.94811616591e-08	8.16538392456e-09
3.95228084541e-08	1.18381251468e-08
3.95644552491e-08	1.09176443441e-08
3.96061020441e-08	6.19654672018e-09
3.96477488391e-08	-1.0896378938e-10
3.96893956341e-08	-5.47844269949e-09
3.97310424291e-08	-8.15585554648e-09
3.97726892241e-08	-7.84458487058e-09
3.98143360191e-08	-5.58928070493e-09
3.98559828141e-08	-3.09128433962e-09
3.98976296091e-08	-1.65181912593e-09
3.99392764041e-08	-1.5901531758e-09
3.99809231991e-08	-2.11699802133e-09
4.00225699941e-08	-1.98118371708e-09
4.00642167891e-08	-2.40637589716e-10
4.01058635841e-08	3.07250536125e-09
4.01475103791e-08	6.91194768088e-09
4.01891571741e-08	9.69274749352e-09
4.02308039691e-08	1.0085192681e-08
4.02724507641e-08	7.65637231392e-09
4.03140975591e-08	3.14453935113e-09
4.03557443541e-08	-1.88474807983e-09
4.03973911491e-08	-5.57471069307e-09
4.04390379441e-08	-6.60353138837e-09
4.04806847391e-08	-4.6618697791e-09
4.05223315341e-08	-7.44262484975e-10
4.05639783291e-08	3.23309801153e-09
4.06056251241e-08	5.10011421984e-09
4.06472719191e-08	3.4854898967e-09
4.06889187141e-08	-1.46317133409e-09
4.07305655091e-08	-7.83005171812e-09
4.07722123041e-08	-1.27129173855e-08
4.08138590991e-08	-1.34320159439e-08
4.08555058941e-08	-8.96546370477e-09
4.08971526891e-08	-5.67716137989e-10
4.09387994841e-08	8.57476467608e-09
4.09804462791e-08	1.4685205274e-08
4.10220930741e-08	1.51187982134e-08
4.10637398691e-08	9.59838386549e-09
4.11053866641e-08	3.93657821618e-10
4.11470334591e-08	-8.61768278959e-09
4.11886802541e-08	-1.36521571825e-08
4.12303270491e-08	-1.25961931996e-08
4.12719738441e-08	-5.93416027428e-09
4.13136206391e-08	3.50439999242e-09
4.13552674341e-08	1.17635270414e-08
4.13969142291e-08	1.54339263592e-08
4.14385610241e-08	1.30995763126e-08
4.14802078191e-08	5.93047733144e-09
4.15218546141e-08	-2.89338125681e-09
4.15635014091e-08	-9.55824530635e-09
4.16051482041e-08	-1.13410356661e-08
4.16467949991e-08	-7.79132292017e-09
4.16884417941e-08	-9.3166745152e-10
4.17300885891e-08	5.71176217434e-09
4.17717353841e-08	8.74842731591e-09
4.18133821791e-08	6.51558906828e-09
4.18550289741e-08	-1.21788070948e-10
4.18966757691e-08	-8.19206369407e-09
4.19383225641e-08	-1.4012125682e-08
4.19799693591e-08	-1.48448469073e-08
4.20216161541e-08	-1.01322790158e-08
4.20632629491e-08	-1.65950628239e-09
4.21049097441e-08	7.24691506804e-09
4.21465565391e-08	1.32420505672e-08
4.21882033341e-08	1.4266826831e-08
4.22298501291e-08	1.03281252439e-08
4.22714969241e-08	3.37714550769e-09
4.23131437191e-08	-3.59105967185e-09
4.23547905141e-08	-7.76358655141e-09
4.23964373091e-08	-7.57642315552e-09
4.24380841041e-08	-3.35526717521e-09
4.24797308991e-08	2.91953033971e-09
4.25213776941e-08	8.40678171521e-09
4.25630244891e-08	1.06652218168e-08
4.26046712841e-08	8.6980063152e-09
4.26463180791e-08	3.35814087649e-09
4.26879648741e-08	-3.05021075064e-09
4.27296116691e-08	-7.95883259297e-09
4.27712584641e-08	-9.67404023555e-09
4.28129052591e-08	-8.11631661879e-09
4.28545520541e-08	-4.68658467589e-09
4.28961988491e-08	-1.38933925475e-09
4.29378456441e-08	2.36165864642e-10
4.29794924391e-08	-1.41315931179e-10
4.30211392341e-08	-1.63921459739e-09
4.30627860291e-08	-2.78213957428e-09
4.31044328241e-08	-2.39569725169e-09
4.31460796191e-08	-2.54195872684e-10
4.31877264141e-08	2.77961431649e-09
4.32293732091e-08	5.30472521465e-09
4.32710200041e-08	6.04249705827e-09
4.33126667991e-08	4.58677917869e-09
4.33543135941e-08	1.56664828332e-09
4.33959603891e-08	-1.5460179803e-09
4.34376071841e-08	-3.16598380845e-09
4.34792539791e-08	-2.32909597164e-09
4.35209007741e-08	7.67230293186e-10
4.35625475691e-08	4.75501726882e-09
4.36041943641e-08	7.61821339346e-09
4.36458411591e-08	7.59880736112e-09
4.36874879541e-08	4.05495625966e-09
4.37291347491e-08	-2.05492070582e-09
4.37707815441e-08	-8.44230374497e-09
4.38124283391e-08	-1.23816352726e-08
4.38540751341e-08	-1.19290672895e-08
4.38957219291e-08	-6.85227852237e-09
4.39373687241e-08	1.09847769769e-09
4.39790155191e-08	8.82118955658e-09
4.40206623141e-08	1.30859383329e-08
4.40623091091e-08	1.19059986314e-08
4.4103955904e-08	5.37238276088e-09
4.4145602699e-08	-4.21231527437e-09
4.4187249494e-08	-1.32447637302e-08
4.4228896289e-08	-1.81438326585e-08
4.4270543084e-08	-1.6823671789e-08
4.4312189879e-08	-9.55351020515e-09
4.4353836674e-08	1.15457735039e-09
4.4395483469e-08	1.14842837462e-08
4.4437130264e-08	1.78685790608e-08
4.4478777059e-08	1.83687549615e-08
4.4520423854e-08	1.33811666192e-08
4.4562070649e-08	5.32913058127e-09
4.4603717444e-08	-2.44461328958e-09
4.4645364239e-08	-7.11113601337e-09
4.4687011034e-08	-7.46946127173e-09
4.4728657829e-08	-4.33415137113e-09
4.4770304624e-08	9.54170284451e-11
4.4811951419e-08	3.31046046131e-09
4.4853598214e-08	3.68218833202e-09
4.4895245009e-08	1.12918432937e-09
4.4936891804e-08	-3.013780836e-09
4.4978538599e-08	-6.70699573657e-09
4.5020185394e-08	-8.26893664652e-09
4.5061832189e-08	-7.06255320893e-09
4.5103478984e-08	-3.74157799188e-09
4.5145125779e-08	2.18236720362e-10
4.5186772574e-08	3.23110826983e-09
4.5228419369e-08	4.30485724845e-09
4.5270066164e-08	3.37621652857e-09
4.5311712959e-08	1.21704360478e-09
4.5353359754e-08	-1.00953007065e-09
4.5395006549e-08	-2.27180640966e-09
4.5436653344e-08	-2.0802590206e-09
4.5478300139e-08	-6.33649119286e-10
4.5519946934e-08	1.36725389344e-09
4.5561593729e-08	3.04759301128e-09
4.5603240524e-08	3.84429893474e-09
4.5644887319e-08	3.63071178677e-09
4.5686534114e-08	2.82379197802e-09
4.5728180909e-08	2.02516428627e-09
4.5769827704e-08	1.73203318354e-09
4.5811474499e-08	1.98458205425e-09
4.5853121294e-08	2.36388436603e-09
4.5894768089e-08	2.23213231232e-09
4.5936414884e-08	1.08385198039e-09
4.5978061679e-08	-1.09300840601e-09
4.6019708474e-08	-3.73708358703e-09
4.6061355269e-08	-5.96286764409e-09
4.6103002064e-08	-6.96623692065e-09
4.6144648859e-08	-6.44028386176e-09
4.6186295654e-08	-4.7680959181e-09
4.6227942449e-08	-2.80949868925e-09
4.6269589244e-08	-1.50253831599e-09
4.6311236039e-08	-1.32130631436e-09
4.6352882834e-08	-2.00710892351e-09
4.6394529629e-08	-2.62928123718e-09
4.6436176424e-08	-2.00446237386e-09
4.6477823219e-08	6.4350635931e-10
4.6519470014e-08	5.22121879065e-09
4.6561116809e-08	1.05482742541e-08
4.6602763604e-08	1.46411656132e-08
4.6644410399e-08	1.54734198787e-08
4.6686057194e-08	1.18364813506e-08
4.6727703989e-08	4.10574152454e-09
4.6769350784e-08	-5.62195012765e-09
4.6810997579e-08	-1.41104314899e-08
4.6852644374e-08	-1.81985591041e-08
4.6894291169e-08	-1.61475171012e-08
4.6935937964e-08	-8.50803671959e-09
4.6977584759e-08	1.95808641523e-09
4.7019231554e-08	1.12779445782e-08
4.7060878349e-08	1.58972726094e-08
4.7102525144e-08	1.40891167622e-08
4.7144171939e-08	6.67790667208e-09
4.7185818734e-08	-3.35448274713e-09
4.7227465529e-08	-1.20872842846e-08
4.7269112324e-08	-1.61875868265e-08
4.7310759119e-08	-1.42128990799e-08
4.7352405914e-08	-7.09656133857e-09
4.7394052709e-08	2.19823520498e-09
4.7435699504e-08	9.88617854247e-09
4.7477346299e-08	1.28427606327e-08
4.7518993094e-08	9.94203430693e-09
4.7560639889e-08	2.57273458093e-09
4.7602286684e-08	-5.87552162479e-09
4.7643933479e-08	-1.14684113317e-08
4.7685580274e-08	-1.14433875709e-08
4.7727227069e-08	-5.53646073431e-09
4.7768873864e-08	3.91501270292e-09
4.7810520659e-08	1.29687485195e-08
4.7852167454e-08	1.7875708469e-08
4.7893814249e-08	1.67109928118e-08
4.7935461044e-08	1.0066306011e-08
4.7977107839e-08	6.58863241743e-10
4.8018754634e-08	-8.04771271845e-09
4.8060401429e-08	-1.32781625695e-08
4.8102048224e-08	-1.3931730658e-08
4.8143695019e-08	-1.07509969816e-08
4.8185341814e-08	-5.69048608234e-09
4.8226988609e-08	-9.84877776555e-10
4.8268635404e-08	1.80416370732e-09
4.8310282199e-08	2.23814444755e-09
4.8351928994e-08	1.00338919118e-09
4.8393575789e-08	-5.67880312219e-10
4.8435222584e-08	-1.19893503459e-09
4.8476869379e-08	-3.21673625236e-10
4.8518516174e-08	1.71267847127e-09
4.8560162969e-08	3.76205627761e-09
4.8601809764e-08	4.59539062359e-09
4.8643456559e-08	3.54438411954e-09
4.8685103354e-08	9.82146614037e-10
4.8726750149e-08	-1.85142759457e-09
4.87683969439e-08	-3.44056372281e-09
4.88100437389e-08	-2.85320650439e-09
4.88516905339e-08	-2.30557135883e-10
4.88933373289e-08	3.23801346847e-09
4.89349841239e-08	5.95212368282e-09
4.89766309189e-08	6.60268728581e-09
4.90182777139e-08	4.85041440346e-09
4.90599245089e-08	1.35962399672e-09
4.91015713039e-08	-2.49941095598e-09
4.91432180989e-08	-5.3007649381e-09
4.91848648939e-08	-6.07922290286e-09
4.92265116889e-08	-4.72563110865e-09
4.92681584839e-08	-1.96589261536e-09
4.93098052789e-08	9.05693894881e-10
4.93514520739e-08	2.5498519407e-09
4.93930988689e-08	2.11960360375e-09
4.94347456639e-08	-2.80686592025e-10
4.94763924589e-08	-3.56665941226e-09
4.95180392539e-08	-6.07353867199e-09
4.95596860489e-08	-6.32701180336e-09
4.96013328439e-08	-3.82343873229e-09
4.96429796389e-08	6.43402497946e-10
4.96846264339e-08	5.24772025834e-09
4.97262732289e-08	7.98160815219e-09
4.97679200239e-08	7.64291918642e-09
4.98095668189e-08	4.4271796229e-09
4.98512136139e-08	-9.40845561181e-11
4.98928604089e-08	-3.7663149266e-09
4.99345072039e-08	-4.84077333773e-09
4.99761539989e-08	-2.79707423889e-09
5.00178007939e-08	1.41721209768e-09
5.00594475889e-08	5.82130066373e-09
5.01010943839e-08	8.28184232304e-09
5.01427411789e-08	7.44019179599e-09
5.01843879739e-08	3.34182037598e-09
5.02260347689e-08	-2.59102261868e-09
5.02676815639e-08	-8.03344601952e-09
5.03093283589e-08	-1.07766278123e-08
5.03509751539e-08	-9.65478030857e-09
5.03926219489e-08	-5.11442754814e-09
5.04342687439e-08	9.09461603249e-10
5.04759155389e-08	5.79536174605e-09
5.05175623339e-08	7.38988781279e-09
5.05592091289e-08	4.99748609162e-09
5.06008559239e-08	-2.707937867e-10
5.06425027189e-08	-6.00473570866e-09
5.06841495139e-08	-9.56711176947e-09
5.07257963089e-08	-9.31094223944e-09
5.07674431039e-08	-5.2225083147e-09
5.08090898989e-08	1.11098022448e-09
5.08507366939e-08	7.30454485787e-09
5.08923834889e-08	1.12013389675e-08
5.09340302839e-08	1.17036205172e-08
5.09756770789e-08	9.04139962898e-09
5.10173238739e-08	4.5215595712e-09
5.10589706689e-08	-1.74710867301e-10
5.11006174639e-08	-3.65068136832e-09
5.11422642589e-08	-5.30088684059e-09
5.11839110539e-08	-5.30151489375e-09
5.12255578489e-08	-4.33754032692e-09
5.12672046439e-08	-3.11001774334e-09
5.13088514389e-08	-1.97470936825e-09
5.13504982339e-08	-8.98974672481e-10
5.13921450289e-08	3.66250245409e-10
5.14337918239e-08	1.90347312912e-09
5.14754386189e-08	3.35908867388e-09
5.15170854139e-08	4.01750122059e-09
5.15587322089e-08	3.12216241749e-09
5.16003790039e-08	4.23838908414e-10
5.16420257989e-08	-3.50982487518e-09
5.16836725939e-08	-7.2826491504e-09
5.17253193889e-08	-9.24042797834e-09
5.17669661839e-08	-8.19232703897e-09
5.18086129789e-08	-4.10457662303e-09
5.18502597739e-08	1.81926318454e-09
5.18919065689e-08	7.44334793801e-09
5.19335533639e-08	1.07146262973e-08
5.19752001589e-08	1.04372517296e-08
5.20168469539e-08	6.88047052666e-09
5.20584937489e-08	1.57260479638e-09
5.21001405439e-08	-3.30583782571e-09
5.21417873389e-08	-5.88460247197e-09
5.21834341339e-08	-5.28800170319e-09
5.22250809289e-08	-1.97572203042e-09
5.22667277239e-08	2.51766357762e-09
5.23083745189e-08	6.13995321253e-09
5.23500213139e-08	7.15328973833e-09
5.23916681089e-08	4.78439787788e-09
5.24333149039e-08	-3.91552956724e-10
5.24749616989e-08	-6.57451992847e-09
5.25166084939e-08	-1.13575941985e-08
5.25582552889e-08	-1.26899237785e-08
5.25999020839e-08	-9.75078906507e-09
5.26415488789e-08	-3.38620975704e-09
5.26831956739e-08	4.14528078529e-09
5.27248424689e-08	1.00325858732e-08
5.27664892639e-08	1.21469252434e-08
5.28081360589e-08	9.84026216067e-09
5.28497828539e-08	4.2566293823e-09
5.28914296489e-08	-2.27897045679e-09
5.29330764439e-08	-7.22367277106e-09
5.29747232389e-08	-8.88948759048e-09
5.30163700339e-08	-7.03057800866e-09
5.30580168289e-08	-2.82713741306e-09
5.30996636239e-08	1.71510863844e-09
5.31413104189e-08	4.63336746748e-09
5.31829572139e-08	4.88339735316e-09
5.32246040089e-08	2.6850417445e-09
5.32662508039e-08	-5.38184621868e-10
5.33078975989e-08	-2.85751766693e-09
5.33495443939e-08	-2.75035683117e-09
5.33911911888e-08	1.46650094845e-10
5.34328379838e-08	4.73293892966e-09
5.34744847788e-08	8.84713191596e-09
5.35161315738e-08	1.024291163e-08
5.35577783688e-08	7.65680696624e-09
5.35994251638e-08	1.57130794487e-09
5.36410719588e-08	-5.9540585795e-09
5.36827187538e-08	-1.20752638999e-08
5.37243655488e-08	-1.45124245954e-08
5.37660123438e-08	-1.25123864603e-08
5.38076591388e-08	-7.17662518301e-09
5.38493059338e-08	-8.37499694595e-10
5.38909527288e-08	4.05750666399e-09
5.39325995238e-08	6.06427241756e-09
5.39742463188e-08	5.23697707422e-09
5.40158931138e-08	2.92159502147e-09
5.40575399088e-08	9.29654297988e-10
5.40991867038e-08	5.92275242739e-10
5.41408334988e-08	2.13068618304e-09
5.41824802938e-08	4.59605542513e-09
5.42241270888e-08	6.3874163736e-09
5.42657738838e-08	6.06611183507e-09
5.43074206788e-08	3.16806347822e-09
5.43490674738e-08	-1.45421202857e-09
5.43907142688e-08	-5.92064330895e-09
5.44323610638e-08	-8.16253142855e-09
5.44740078588e-08	-6.97764956925e-09
5.45156546538e-08	-2.69935873654e-09
5.45573014488e-08	2.78285500199e-09
5.45989482438e-08	6.91509616235e-09
5.46405950388e-08	7.65045671258e-09
5.46822418338e-08	4.54430704178e-09
5.47238886288e-08	-9.94069618288e-10
5.47655354238e-08	-6.29689178577e-09
5.48071822188e-08	-8.79208617022e-09
5.48488290138e-08	-7.19502235569e-09
5.48904758088e-08	-2.2578078851e-09
5.49321226038e-08	3.65390673274e-09
5.49737693988e-08	7.58874429962e-09
5.50154161938e-08	7.47642481258e-09
5.50570629888e-08	3.04186981159e-09
5.50987097838e-08	-4.00315902649e-09
5.51403565788e-08	-1.0653857796e-08
5.51820033738e-08	-1.38594813404e-08
5.52236501688e-08	-1.18156331386e-08
5.52652969638e-08	-4.66808180999e-09
5.53069437588e-08	5.38279942841e-09
5.53485905538e-08	1.49052925558e-08
5.53902373488e-08	2.04331414011e-08
5.54318841438e-08	1.98110550187e-08
5.54735309388e-08	1.30248478669e-08
5.55151777338e-08	2.31569174947e-09
5.55568245288e-08	-8.62596971629e-09
5.55984713238e-08	-1.60346567135e-08
5.56401181188e-08	-1.75406729142e-08
5.56817649138e-08	-1.29972712593e-08
5.57234117088e-08	-4.55852622316e-09
5.57650585038e-08	4.30452862243e-09
5.58067052988e-08	1.0141942175e-08
5.58483520938e-08	1.08909954388e-08
5.58899988888e-08	6.58303844769e-09
5.59316456838e-08	-7.44866127111e-10
5.59732924788e-08	-7.93584575831e-09
5.60149392738e-08	-1.20079926003e-08
5.60565860688e-08	-1.13327720541e-08
5.60982328638e-08	-6.2331253492e-09
5.61398796588e-08	1.14794621031e-09
5.61815264538e-08	7.82017473e-09
5.62231732488e-08	1.11562548089e-08
5.62648200438e-08	1.00253396695e-08
5.63064668388e-08	5.19364484752e-09
5.63481136338e-08	-1.03129631224e-09
5.63897604288e-08	-5.8805001979e-09
5.64314072238e-08	-7.33183769253e-09
5.64730540188e-08	-4.97317020898e-09
5.65147008138e-08	-6.6353841692e-11
5.65563476088e-08	5.08523667619e-09
5.65979944038e-08	8.28735369218e-09
5.66396411988e-08	8.35970470625e-09
5.66812879938e-08	5.59517021603e-09
5.67229347888e-08	1.41879513693e-09
5.67645815838e-08	-2.40414621544e-09
5.68062283788e-08	-4.61122162676e-09
5.68478751738e-08	-4.93391738576e-09
5.68895219688e-08	-4.01117461468e-09
5.69311687638e-08	-2.89179080681e-09
5.69728155588e-08	-2.4241875729e-09
5.70144623538e-08	-2.81364098687e-09
5.70561091488e-08	-3.60911389663e-09
5.70977559438e-08	-3.97904331706e-09
5.71394027388e-08	-3.20800042086e-09
5.71810495338e-08	-1.14612017099e-09
5.72226963288e-08	1.64801938762e-09
5.72643431238e-08	4.10629630299e-09
5.73059899188e-08	5.16697995501e-09
5.73476367138e-08	4.36905900347e-09
5.73892835088e-08	2.1542245765e-09
5.74309303038e-08	-2.65963286117e-10
5.74725770988e-08	-1.53632734312e-09
5.75142238938e-08	-8.8928120423e-10
5.75558706888e-08	1.3543066113e-09
5.75975174838e-08	3.89548687751e-09
5.76391642788e-08	5.15569487103e-09
5.76808110738e-08	4.15459266989e-09
5.77224578688e-08	1.09971151629e-09
5.77641046638e-08	-2.62100874338e-09
5.78057514588e-08	-5.16394960126e-09
5.78473982538e-08	-5.1654223121e-09
5.78890450488e-08	-2.5202575582e-09
5.79306918438e-08	1.53331672359e-09
5.79723386388e-08	4.91215979004e-09
5.80139854337e-08	5.70412350687e-09
5.80556322287e-08	3.07011555067e-09
5.80972790237e-08	-2.29832836096e-09
5.81389258187e-08	-8.41931524498e-09
5.81805726137e-08	-1.27524235616e-08
5.82222194087e-08	-1.32948518861e-08
5.82638662037e-08	-9.3544365587e-09
5.83055129987e-08	-1.97211671993e-09
5.83471597937e-08	6.45963027512e-09
5.83888065887e-08	1.29989847775e-08
5.84304533837e-08	1.53267352143e-08
5.84721001787e-08	1.26573973525e-08
5.85137469737e-08	6.06307548612e-09
5.85553937687e-08	-1.9173654886e-09
5.85970405637e-08	-8.28706381295e-09
5.86386873587e-08	-1.07844020381e-08
5.86803341537e-08	-8.69157901207e-09
5.87219809487e-08	-3.04239766713e-09
5.87636277437e-08	3.90247167914e-09
5.88052745387e-08	9.54880730042e-09
5.88469213337e-08	1.19218270811e-08
5.88885681287e-08	1.0297839026e-08
5.89302149237e-08	5.32861521574e-09
5.89718617187e-08	-1.25769111792e-09
5.90135085137e-08	-7.24686943787e-09
5.90551553087e-08	-1.07494895207e-08
5.90968021037e-08	-1.07828395102e-08
5.91384488987e-08	-7.69889596519e-09
5.91800956937e-08	-2.99178604113e-09
5.92217424887e-08	1.25822960384e-09
5.92633892837e-08	3.32499489053e-09
5.93050360787e-08	2.56464138815e-09
5.93466828737e-08	-2.92365298638e-10
5.93883296687e-08	-3.52958895444e-09
5.94299764637e-08	-5.28002574995e-09
5.94716232587e-08	-4.46016135136e-09
5.95132700537e-08	-1.22837548466e-09
5.95549168487e-08	3.12285508564e-09
5.95965636437e-08	6.87939527566e-09
5.96382104387e-08	8.75740457928e-09
5.96798572337e-08	8.45584424702e-09
5.97215040287e-08	6.66069954747e-09
5.97631508237e-08	4.51603776597e-09
5.98047976187e-08	2.93717739019e-09
5.98464444137e-08	2.10327066874e-09
5.98880912087e-08	1.43810968689e-09
5.99297380037e-08	6.05691642674e-11
5.99713847987e-08	-2.60246740824e-09
6.00130315937e-08	-6.28947338654e-09
