% time-domain current integration by openEMS v0.0.35-98-gb49bd2a @Sat Jul 22 18:34:42 2023
% start-coordinates: (0.01548,0.01308,0.00129388) m -> [74,32,15]
% stop-coordinates: (0.01548,0.01343,0.00139497) m -> [74,37,16]
% t/s	current
4.37376987451e-14	0
4.16820269041e-11	-2.98133018273e-10
8.33203161094e-11	-3.90884880019e-10
1.24958605315e-10	-1.88514176491e-10
1.6659689452e-10	8.65789995252e-10
2.08235183725e-10	3.33688188192e-09
2.49873472931e-10	7.91780152554e-09
2.91511762136e-10	1.4391755343e-08
3.33150051341e-10	2.08676027569e-08
3.74788340547e-10	2.25877148097e-08
4.16426629752e-10	1.2084399259e-08
4.58064918957e-10	-1.89351503366e-08
4.99703208163e-10	-7.4914396464e-08
5.41341497368e-10	-1.50128713017e-07
5.82979786573e-10	-2.23868198646e-07
6.24618075779e-10	-2.61135369328e-07
6.66256364984e-10	-2.22548692363e-07
7.07894654189e-10	-8.2405513524e-08
7.49532943395e-10	1.51711645913e-07
7.911712326e-10	4.28598951885e-07
8.32809521805e-10	6.62152729092e-07
8.74447811011e-10	7.60266061661e-07
9.16086100216e-10	6.64166122988e-07
9.57724389421e-10	3.79328156441e-07
9.99362678627e-10	-1.90007405365e-08
1.04100096783e-09	-4.11535808098e-07
1.08263925704e-09	-6.81326980612e-07
1.12427754624e-09	-7.58942348966e-07
1.16591583545e-09	-6.45516820441e-07
1.20755412465e-09	-4.04314562275e-07
1.24919241386e-09	-1.28302090729e-07
1.29083070306e-09	9.88183614936e-08
1.33246899227e-09	2.29862379797e-07
1.37410728147e-09	2.60778392658e-07
1.41574557068e-09	2.19143501567e-07
1.45738385989e-09	1.44327486851e-07
1.49902214909e-09	7.01548472648e-08
1.5406604383e-09	1.59357593787e-08
1.5822987275e-09	-1.36142475071e-08
1.62393701671e-09	-2.32857004789e-08
1.66557530591e-09	-2.12482014206e-08
1.70721359512e-09	-1.47100482906e-08
1.74885188432e-09	-8.17269985021e-09
1.79049017353e-09	-3.46979422972e-09
1.83212846273e-09	-8.07079403309e-10
1.87376675194e-09	3.65148383752e-10
1.91540504114e-09	6.76917522036e-10
1.95704333035e-09	6.04941152726e-10
1.99868161955e-09	2.65162780622e-10
2.04031990876e-09	1.76677616981e-10
2.08195819797e-09	8.07611616471e-11
2.12359648717e-09	-4.23391877113e-12
2.16523477638e-09	-7.20939211107e-11
2.20687306558e-09	-1.21132617825e-10
2.24851135479e-09	-1.35528172018e-10
2.29014964399e-09	-1.08311984381e-10
2.3317879332e-09	-5.65952285037e-11
2.3734262224e-09	1.50182019598e-11
2.41506451161e-09	7.05509053955e-11
2.45670280081e-09	1.0346203061e-10
2.49834109002e-09	9.99205856944e-11
2.53997937922e-09	6.19339995955e-11
2.58161766843e-09	7.01970773176e-12
2.62325595763e-09	-5.00191277286e-11
2.66489424684e-09	-8.10877337498e-11
2.70653253604e-09	-8.97844715242e-11
2.74817082525e-09	-6.07251332552e-11
2.78980911446e-09	-1.9495117326e-11
2.83144740366e-09	2.7629240909e-11
2.87308569287e-09	5.93597254683e-11
2.91472398207e-09	6.45355435758e-11
2.95636227128e-09	4.91891735677e-11
2.99800056048e-09	1.14527068384e-11
3.03963884969e-09	-2.1869801109e-11
3.08127713889e-09	-4.91084846399e-11
3.1229154281e-09	-5.1377537641e-11
3.1645537173e-09	-3.31933092124e-11
3.20619200651e-09	-3.16904488762e-12
3.24783029571e-09	3.03843478155e-11
3.28946858492e-09	4.83378961857e-11
3.33110687412e-09	4.95820398627e-11
3.37274516333e-09	3.09183963154e-11
3.41438345254e-09	8.5845913711e-13
3.45602174174e-09	-2.77233895563e-11
3.49766003095e-09	-4.41147431085e-11
3.53929832015e-09	-4.21425984387e-11
3.58093660936e-09	-2.62064675516e-11
3.62257489856e-09	2.57212653954e-12
3.66421318777e-09	2.56104599333e-11
3.70585147697e-09	3.98699545601e-11
3.74748976618e-09	3.50362724943e-11
3.78912805538e-09	1.49409443151e-11
3.83076634459e-09	-1.01486839765e-11
3.87240463379e-09	-3.31157774813e-11
3.914042923e-09	-3.95832672195e-11
3.9556812122e-09	-3.175409935e-11
3.99731950141e-09	-9.84503797929e-12
4.03895779062e-09	1.76362500992e-11
4.08059607982e-09	3.78471975981e-11
4.12223436903e-09	4.34214990352e-11
4.16387265823e-09	3.03189730266e-11
4.20551094744e-09	3.16086393171e-12
4.24714923664e-09	-2.80247491879e-11
4.28878752585e-09	-4.9783687589e-11
4.33042581505e-09	-5.33663599422e-11
4.37206410426e-09	-3.74245565093e-11
4.41370239346e-09	-3.71947611599e-12
4.45534068267e-09	3.11879654047e-11
4.49697897187e-09	6.06431502237e-11
4.53861726108e-09	6.68762198397e-11
4.58025555028e-09	5.10600173254e-11
4.62189383949e-09	1.69317060372e-11
4.6635321287e-09	-2.30127167322e-11
4.7051704179e-09	-5.39280425871e-11
4.74680870711e-09	-6.50644260691e-11
4.78844699631e-09	-5.10598577308e-11
4.83008528552e-09	-1.94568597345e-11
4.87172357472e-09	1.90935982303e-11
4.91336186393e-09	4.85890737367e-11
4.95500015313e-09	5.89096826875e-11
4.99663844234e-09	4.39222512527e-11
5.03827673154e-09	1.18385908715e-11
5.07991502075e-09	-2.44650931458e-11
5.12155330995e-09	-5.34348190695e-11
5.16319159916e-09	-6.09705549937e-11
5.20482988836e-09	-4.70491492988e-11
5.24646817757e-09	-1.4836895601e-11
5.28810646678e-09	2.21889832897e-11
5.32974475598e-09	5.08994547899e-11
5.37138304519e-09	6.06434971684e-11
5.41302133439e-09	4.74798672601e-11
5.4546596236e-09	1.93549343219e-11
5.4962979128e-09	-1.51349002775e-11
5.53793620201e-09	-4.15979924118e-11
5.57957449121e-09	-5.13245626554e-11
5.62121278042e-09	-4.22998892857e-11
5.66285106962e-09	-1.75748894604e-11
5.70448935883e-09	1.2653824169e-11
5.74612764803e-09	3.81965153951e-11
5.78776593724e-09	4.82692982806e-11
5.82940422644e-09	4.02002008071e-11
5.87104251565e-09	1.76746534075e-11
5.91268080485e-09	-1.06071826669e-11
5.95431909406e-09	-3.28778913816e-11
5.99595738327e-09	-4.17607615155e-11
6.03759567247e-09	-3.29843340141e-11
6.07923396168e-09	-1.18183206277e-11
6.12087225088e-09	1.33635949529e-11
6.16251054009e-09	3.19462928333e-11
6.20414882929e-09	3.51383783181e-11
6.2457871185e-09	2.13192241638e-11
6.2874254077e-09	-3.63354832333e-12
6.32906369691e-09	-2.96019597723e-11
6.37070198611e-09	-4.58157123351e-11
6.41234027532e-09	-4.47626519184e-11
6.45397856452e-09	-2.54024544455e-11
6.49561685373e-09	5.09227555956e-12
6.53725514293e-09	3.57083113078e-11
6.57889343214e-09	5.34851087031e-11
6.62053172135e-09	5.27132157369e-11
6.66217001055e-09	3.27102615827e-11
6.70380829976e-09	2.7364117916e-12
6.74544658896e-09	-2.70283118803e-11
6.78708487817e-09	-4.44140176026e-11
6.82872316737e-09	-4.30718100075e-11
6.87036145658e-09	-2.53039707243e-11
6.91199974578e-09	3.03555097725e-12
6.95363803499e-09	2.95548689688e-11
6.99527632419e-09	4.38858116514e-11
7.0369146134e-09	3.91051600823e-11
7.0785529026e-09	1.82684752742e-11
7.12019119181e-09	-1.15840080583e-11
7.16182948101e-09	-3.7462154906e-11
7.20346777022e-09	-5.12288891863e-11
7.24510605943e-09	-4.69360661448e-11
7.28674434863e-09	-2.52805311407e-11
7.32838263784e-09	5.14994817624e-12
7.37002092704e-09	3.38028216529e-11
7.41165921625e-09	4.99721583558e-11
7.45329750545e-09	4.83550317842e-11
7.49493579466e-09	2.95474304746e-11
7.53657408386e-09	3.15355380698e-13
7.57821237307e-09	-2.76829132534e-11
7.61985066227e-09	-4.59077428849e-11
7.66148895148e-09	-4.7175912482e-11
7.70312724068e-09	-3.0948930918e-11
7.74476552989e-09	-4.23698316016e-12
7.78640381909e-09	2.40787910444e-11
7.8280421083e-09	4.2419984192e-11
7.86968039751e-09	4.49252510193e-11
7.91131868671e-09	3.20848833613e-11
7.95295697592e-09	8.23520765469e-12
7.99459526512e-09	-1.65544834785e-11
8.03623355433e-09	-3.28172038155e-11
8.07787184353e-09	-3.40860881187e-11
8.11951013274e-09	-2.09780040561e-11
8.16114842194e-09	8.56464205112e-13
8.20278671115e-09	2.13962111917e-11
8.24442500035e-09	3.19094958789e-11
8.28606328956e-09	2.76978856517e-11
8.32770157876e-09	1.00924980179e-11
8.36933986797e-09	-1.39925293574e-11
8.41097815717e-09	-3.4414582295e-11
8.45261644638e-09	-4.31290142489e-11
8.49425473559e-09	-3.57069165902e-11
8.53589302479e-09	-1.42891948274e-11
8.577531314e-09	1.26982105386e-11
8.6191696032e-09	3.50155841822e-11
8.66080789241e-09	4.35430858037e-11
8.70244618161e-09	3.6340999654e-11
8.74408447082e-09	1.55292827209e-11
8.78572276002e-09	-9.61048948755e-12
8.82736104923e-09	-2.99565858231e-11
8.86899933843e-09	-3.74605346742e-11
8.91063762764e-09	-2.90655034763e-11
8.95227591684e-09	-7.69691428648e-12
8.99391420605e-09	1.74896711697e-11
9.03555249525e-09	3.63137749038e-11
9.07719078446e-09	4.08949332731e-11
9.11882907367e-09	2.91088403381e-11
9.16046736287e-09	5.81716272374e-12
9.20210565208e-09	-2.13675396821e-11
9.24374394128e-09	-4.13257136844e-11
9.28538223049e-09	-4.60306653904e-11
9.32702051969e-09	-3.38808599232e-11
9.3686588089e-09	-8.38427938188e-12
9.4102970981e-09	2.0838473308e-11
9.45193538731e-09	4.23814039419e-11
9.49357367651e-09	4.88063200965e-11
9.53521196572e-09	3.75945941045e-11
9.57685025492e-09	1.27906261971e-11
9.61848854413e-09	-1.6674200215e-11
9.66012683333e-09	-4.10932191053e-11
9.70176512254e-09	-5.16469679523e-11
9.74340341174e-09	-4.52434895104e-11
9.78504170095e-09	-2.46228350209e-11
9.82667999016e-09	2.87853465022e-12
9.86831827936e-09	2.75582820453e-11
9.90995656857e-09	4.20257197098e-11
9.95159485777e-09	4.19562856679e-11
9.99323314698e-09	2.84292693553e-11
1.00348714362e-08	7.02572201805e-12
1.00765097254e-08	-1.47544372553e-11
1.01181480146e-08	-2.84759594377e-11
1.01597863038e-08	-2.98687012623e-11
1.0201424593e-08	-1.86273722141e-11
1.02430628822e-08	-8.77041494984e-14
1.02847011714e-08	1.89042635712e-11
1.03263394606e-08	3.04202635304e-11
1.03679777498e-08	3.03643846178e-11
1.0409616039e-08	1.84576208484e-11
1.04512543282e-08	-1.71685604101e-12
1.04928926174e-08	-2.20269653212e-11
1.05345309066e-08	-3.48624011604e-11
1.05761691959e-08	-3.56478457864e-11
1.06178074851e-08	-2.36098918194e-11
1.06594457743e-08	-4.50582800238e-12
1.07010840635e-08	1.43116733742e-11
1.07427223527e-08	2.58879792603e-11
1.07843606419e-08	2.57006135124e-11
1.08259989311e-08	1.50909128943e-11
1.08676372203e-08	-1.04152277081e-12
1.09092755095e-08	-1.51369906193e-11
1.09509137987e-08	-2.07785351425e-11
1.09925520879e-08	-1.55569931937e-11
1.10341903771e-08	-2.25700534651e-12
1.10758286663e-08	1.27817608928e-11
1.11174669555e-08	2.22370767633e-11
1.11591052447e-08	2.21526304245e-11
1.12007435339e-08	1.16238060843e-11
1.12423818231e-08	-4.6231803108e-12
1.12840201123e-08	-1.94820774096e-11
1.13256584015e-08	-2.61388792555e-11
1.13672966908e-08	-2.10384435567e-11
1.140893498e-08	-5.46421328323e-12
1.14505732692e-08	1.40370848625e-11
1.14922115584e-08	3.02702064803e-11
1.15338498476e-08	3.60507977637e-11
1.15754881368e-08	2.88411967919e-11
1.1617126426e-08	1.04679043211e-11
1.16587647152e-08	-1.32838679293e-11
1.17004030044e-08	-3.41678421667e-11
1.17420412936e-08	-4.45979780883e-11
1.17836795828e-08	-4.11520470478e-11
1.1825317872e-08	-2.48950512982e-11
1.18669561612e-08	-1.52062477193e-12
1.19085944504e-08	2.11445635306e-11
1.19502327396e-08	3.59927712634e-11
1.19918710288e-08	3.80656131616e-11
1.2033509318e-08	2.73511803484e-11
1.20751476072e-08	7.05076622087e-12
1.21167858964e-08	-1.49967382262e-11
1.21584241857e-08	-3.12015101256e-11
1.22000624749e-08	-3.55089152526e-11
1.22417007641e-08	-2.59232357802e-11
1.22833390533e-08	-5.14779928754e-12
1.23249773425e-08	1.95317546858e-11
1.23666156317e-08	3.9498116583e-11
1.24082539209e-08	4.72708816535e-11
1.24498922101e-08	3.88489448944e-11
1.24915304993e-08	1.68400814127e-11
1.25331687885e-08	-1.18521737563e-11
1.25748070777e-08	-3.72109149049e-11
1.26164453669e-08	-5.04870104057e-11
1.26580836561e-08	-4.70586555834e-11
1.26997219453e-08	-2.92175034167e-11
1.27413602345e-08	-2.26348453869e-12
1.27829985237e-08	2.3061831958e-11
1.28246368129e-08	3.92348827039e-11
1.28662751021e-08	4.05108134538e-11
1.29079133913e-08	2.77155173811e-11
1.29495516806e-08	6.31936690476e-12
1.29911899698e-08	-1.53092712118e-11
1.3032828259e-08	-2.97525233617e-11
1.30744665482e-08	-3.2220281998e-11
1.31161048374e-08	-2.39245845357e-11
1.31577431266e-08	-8.08587918844e-12
1.31993814158e-08	8.27657734015e-12
1.3241019705e-08	1.93681251592e-11
1.32826579942e-08	2.22782469556e-11
1.33242962834e-08	1.63392129687e-11
1.33659345726e-08	6.02388104676e-12
1.34075728618e-08	-4.26501542417e-12
1.3449211151e-08	-1.01575579545e-11
1.34908494402e-08	-9.61653586623e-12
1.35324877294e-08	-3.91555798201e-12
1.35741260186e-08	4.08452698747e-12
1.36157643078e-08	1.01400693397e-11
1.3657402597e-08	1.16174483228e-11
1.36990408863e-08	7.28213496448e-12
1.37406791755e-08	-3.06520759295e-13
1.37823174647e-08	-8.22950735335e-12
1.38239557539e-08	-1.22412184556e-11
1.38655940431e-08	-1.08891376818e-11
1.39072323323e-08	-4.87857497455e-12
1.39488706215e-08	2.58526013097e-12
1.39905089107e-08	8.32831720254e-12
1.40321471999e-08	8.88408270561e-12
1.40737854891e-08	3.93400199569e-12
1.41154237783e-08	-5.40831355395e-12
1.41570620675e-08	-1.48390362498e-11
1.41987003567e-08	-1.98506853316e-11
1.42403386459e-08	-1.78284574603e-11
1.42819769351e-08	-8.19512600142e-12
1.43236152243e-08	6.09100617166e-12
1.43652535135e-08	2.05651988494e-11
1.44068918027e-08	3.0049393529e-11
1.44485300919e-08	3.09821474032e-11
1.44901683812e-08	2.23638815799e-11
1.45318066704e-08	5.73796305608e-12
1.45734449596e-08	-1.33502080918e-11
1.46150832488e-08	-2.89812548959e-11
1.4656721538e-08	-3.57850069022e-11
1.46983598272e-08	-3.09958517186e-11
1.47399981164e-08	-1.57295339948e-11
1.47816364056e-08	5.20167416085e-12
1.48232746948e-08	2.58005838916e-11
1.4864912984e-08	3.82814925592e-11
1.49065512732e-08	3.87348833564e-11
1.49481895624e-08	2.59571114603e-11
1.49898278516e-08	4.66355773443e-12
1.50314661408e-08	-1.85748586651e-11
1.507310443e-08	-3.56824673975e-11
1.51147427192e-08	-4.08888582715e-11
1.51563810084e-08	-3.26965191033e-11
1.51980192976e-08	-1.38805165278e-11
1.52396575868e-08	8.48194344621e-12
1.52812958761e-08	2.66651631331e-11
1.53229341653e-08	3.39031372421e-11
1.53645724545e-08	2.81354939347e-11
1.54062107437e-08	1.20984723975e-11
1.54478490329e-08	-8.46100706858e-12
1.54894873221e-08	-2.53666653655e-11
1.55311256113e-08	-3.29790049436e-11
1.55727639005e-08	-2.87672663468e-11
1.56144021897e-08	-1.39814496786e-11
1.56560404789e-08	5.71854629622e-12
1.56976787681e-08	2.36039434526e-11
1.57393170573e-08	3.42575204315e-11
1.57809553465e-08	3.43079592513e-11
1.58225936357e-08	2.53749087714e-11
1.58642319249e-08	1.06052736037e-11
1.59058702141e-08	-5.08090401349e-12
1.59475085033e-08	-1.74253701746e-11
1.59891467925e-08	-2.34538603816e-11
1.60307850817e-08	-2.27359173155e-11
1.6072423371e-08	-1.65254875756e-11
1.61140616602e-08	-7.95127245296e-12
1.61556999494e-08	2.73320320369e-13
1.61973382386e-08	5.77325470416e-12
1.62389765278e-08	7.44240519907e-12
1.6280614817e-08	6.06352901916e-12
1.63222531062e-08	2.59867301289e-12
1.63638913954e-08	-1.02107558519e-12
1.64055296846e-08	-2.78583146135e-12
1.64471679738e-08	-2.37744112591e-12
1.6488806263e-08	-4.26301626378e-13
1.65304445522e-08	1.80939291328e-12
1.65720828414e-08	2.27156314592e-12
1.66137211306e-08	1.01452526935e-12
1.66553594198e-08	-1.78452044808e-12
1.6696997709e-08	-4.4330077803e-12
1.67386359982e-08	-5.05178451154e-12
1.67802742874e-08	-2.51705687543e-12
1.68219125767e-08	3.23700875132e-12
1.68635508659e-08	1.02100836466e-11
1.69051891551e-08	1.500609359e-11
1.69468274443e-08	1.53857742519e-11
1.69884657335e-08	9.83917808339e-12
1.70301040227e-08	4.9196887883e-13
1.70717423119e-08	-9.60601303363e-12
1.71133806011e-08	-1.64068411634e-11
1.71550188903e-08	-1.69298793734e-11
1.71966571795e-08	-1.0835123597e-11
1.72382954687e-08	-3.08916087155e-13
1.72799337579e-08	1.05206199655e-11
1.73215720471e-08	1.67434989484e-11
1.73632103363e-08	1.55323323647e-11
1.74048486255e-08	6.73480889113e-12
1.74464869147e-08	-6.393067499e-12
1.74881252039e-08	-1.92406160449e-11
1.75297634931e-08	-2.71095645932e-11
1.75714017823e-08	-2.70025252158e-11
1.76130400716e-08	-1.85158832711e-11
1.76546783608e-08	-3.92782117595e-12
1.769631665e-08	1.20781301627e-11
1.77379549392e-08	2.51362437809e-11
1.77795932284e-08	3.14704477755e-11
1.78212315176e-08	2.95968249908e-11
1.78628698068e-08	2.08174415206e-11
1.7904508096e-08	7.43184160046e-12
1.79461463852e-08	-6.23117096116e-12
1.79877846744e-08	-1.69903934671e-11
1.80294229636e-08	-2.15555871763e-11
1.80710612528e-08	-1.93377917845e-11
1.8112699542e-08	-1.15070921541e-11
1.81543378312e-08	-1.1163101693e-12
1.81959761204e-08	8.12497291669e-12
1.82376144096e-08	1.34112304595e-11
1.82792526988e-08	1.32191835603e-11
1.8320890988e-08	7.82823111889e-12
1.83625292772e-08	-7.42119907193e-13
1.84041675665e-08	-9.1468031066e-12
1.84458058557e-08	-1.43142806636e-11
1.84874441449e-08	-1.44073190878e-11
1.85290824341e-08	-9.68215785324e-12
1.85707207233e-08	-2.07135849271e-12
1.86123590125e-08	5.86486198148e-12
1.86539973017e-08	1.1157277359e-11
1.86956355909e-08	1.23540370642e-11
1.87372738801e-08	9.0164924138e-12
1.87789121693e-08	2.78702126481e-12
1.88205504585e-08	-4.06885592927e-12
1.88621887477e-08	-8.74641505055e-12
1.89038270369e-08	-1.01604211156e-11
1.89454653261e-08	-7.7557942707e-12
1.89871036153e-08	-3.31072495807e-12
1.90287419045e-08	2.12379766551e-12
1.90703801937e-08	6.4383307713e-12
1.91120184829e-08	8.74287361258e-12
1.91536567721e-08	8.60761548843e-12
1.91952950614e-08	6.9915223784e-12
1.92369333506e-08	4.99182509564e-12
1.92785716398e-08	3.7878389661e-12
1.9320209929e-08	2.98755985229e-12
1.93618482182e-08	2.15267560721e-12
1.94034865074e-08	2.17691316362e-13
1.94451247966e-08	-3.14926296846e-12
1.94867630858e-08	-7.68873680002e-12
1.9528401375e-08	-1.20089164307e-11
1.95700396642e-08	-1.46449866123e-11
1.96116779534e-08	-1.40093197459e-11
1.96533162426e-08	-9.56490095461e-12
1.96949545318e-08	-2.50785676947e-12
1.9736592821e-08	5.08506041094e-12
1.97782311102e-08	1.07749842035e-11
1.98198693994e-08	1.27438441744e-11
1.98615076886e-08	1.11676614137e-11
1.99031459778e-08	6.51747319308e-12
1.9944784267e-08	1.19360684531e-12
1.99864225563e-08	-3.23687604498e-12
2.00280608455e-08	-5.372069109e-12
2.00696991347e-08	-4.85564496597e-12
2.01113374239e-08	-2.65673334027e-12
2.01529757131e-08	-2.44600346921e-13
2.01946140023e-08	1.53510711087e-12
2.02362522915e-08	2.04299858281e-12
2.02778905807e-08	1.90436989095e-12
2.03195288699e-08	1.70567900082e-12
2.03611671591e-08	1.73266132344e-12
2.04028054483e-08	2.02799756155e-12
2.04444437375e-08	2.07637379512e-12
2.04860820267e-08	1.51636949525e-12
2.05277203159e-08	8.01476940371e-14
2.05693586051e-08	-1.81762764562e-12
2.06109968943e-08	-3.05495732877e-12
2.06526351835e-08	-2.85057004043e-12
2.06942734727e-08	-9.55511277739e-13
2.0735911762e-08	1.83181855101e-12
2.07775500512e-08	3.80945448797e-12
2.08191883404e-08	3.43091527411e-12
2.08608266296e-08	2.0235896292e-13
2.09024649188e-08	-5.27008471585e-12
2.0944103208e-08	-1.06889939608e-11
2.09857414972e-08	-1.39233633303e-11
2.10273797864e-08	-1.32832677149e-11
2.10690180756e-08	-8.35240036856e-12
2.11106563648e-08	-7.11576630952e-13
2.1152294654e-08	7.23652734957e-12
2.11939329432e-08	1.29106595206e-11
2.12355712324e-08	1.5194625072e-11
2.12772095216e-08	1.4101631321e-11
2.13188478108e-08	1.10668054581e-11
2.13604861e-08	7.44085348892e-12
2.14021243892e-08	4.16026024394e-12
2.14437626784e-08	1.1799704009e-12
2.14854009676e-08	-1.46058252298e-12
2.15270392569e-08	-4.40496901108e-12
2.15686775461e-08	-7.4921197718e-12
2.16103158353e-08	-9.86889042709e-12
2.16519541245e-08	-1.03340773439e-11
2.16935924137e-08	-8.28163492644e-12
2.17352307029e-08	-4.05802908637e-12
2.17768689921e-08	1.01888289472e-12
2.18185072813e-08	4.89245102764e-12
2.18601455705e-08	6.13740308575e-12
2.19017838597e-08	4.45746477923e-12
2.19434221489e-08	6.56398004527e-13
2.19850604381e-08	-3.45514328953e-12
2.20266987273e-08	-6.41590339884e-12
2.20683370165e-08	-6.76991102067e-12
2.21099753057e-08	-4.57088316849e-12
2.21516135949e-08	-8.50118803478e-13
2.21932518841e-08	2.91782678748e-12
2.22348901733e-08	5.29115943768e-12
2.22765284625e-08	5.80718719639e-12
2.23181667518e-08	4.92705355681e-12
2.2359805041e-08	3.04128944251e-12
2.24014433302e-08	1.29423208262e-12
2.24430816194e-08	6.15358458633e-14
2.24847199086e-08	-3.3470492003e-13
2.25263581978e-08	-1.72495915121e-13
2.2567996487e-08	3.24605359953e-13
2.26096347762e-08	8.48170058493e-13
2.26512730654e-08	1.45243192473e-12
2.26929113546e-08	2.29737518072e-12
2.27345496438e-08	3.54139027131e-12
2.2776187933e-08	4.7027212853e-12
2.28178262222e-08	5.03461768803e-12
2.28594645114e-08	3.57608300611e-12
2.29011028006e-08	4.20202067586e-14
2.29427410898e-08	-5.41725345138e-12
2.2984379379e-08	-1.13761222664e-11
2.30260176682e-08	-1.63773994366e-11
2.30676559574e-08	-1.82535757343e-11
2.31092942467e-08	-1.60968703644e-11
2.31509325359e-08	-9.69347692392e-12
2.31925708251e-08	-6.94576340887e-13
2.32342091143e-08	8.85001967543e-12
2.32758474035e-08	1.63771548406e-11
2.33174856927e-08	2.03128954629e-11
2.33591239819e-08	1.93701114176e-11
2.34007622711e-08	1.42093524447e-11
2.34424005603e-08	6.04832763734e-12
2.34840388495e-08	-2.61703853033e-12
2.35256771387e-08	-9.50119496967e-12
2.35673154279e-08	-1.28671951566e-11
2.36089537171e-08	-1.19892750242e-11
2.36505920063e-08	-7.54257767355e-12
2.36922302955e-08	-1.07645272904e-12
2.37338685847e-08	5.68187120617e-12
2.37755068739e-08	1.03259571033e-11
2.38171451631e-08	1.15383848309e-11
2.38587834524e-08	8.81095196803e-12
2.39004217416e-08	2.88993915604e-12
2.39420600308e-08	-4.54670546005e-12
2.398369832e-08	-1.13135004837e-11
2.40253366092e-08	-1.55196810264e-11
2.40669748984e-08	-1.55071962216e-11
2.41086131876e-08	-1.10646318496e-11
2.41502514768e-08	-2.87994020992e-12
2.4191889766e-08	6.40399192009e-12
2.42335280552e-08	1.42149512647e-11
2.42751663444e-08	1.75546990139e-11
2.43168046336e-08	1.53733657748e-11
2.43584429228e-08	7.64735583886e-12
2.4400081212e-08	-3.1908867909e-12
2.44417195012e-08	-1.37396543795e-11
2.44833577904e-08	-2.04962418565e-11
2.45249960796e-08	-2.06074029369e-11
2.45666343688e-08	-1.38888284554e-11
2.4608272658e-08	-2.19342773111e-12
2.46499109473e-08	1.08121393783e-11
2.46915492365e-08	2.08582075223e-11
2.47331875257e-08	2.53030166264e-11
2.47748258149e-08	2.30100556664e-11
2.48164641041e-08	1.48603473277e-11
2.48581023933e-08	3.82360289264e-12
2.48997406825e-08	-6.88821048811e-12
2.49413789717e-08	-1.44068333652e-11
2.49830172609e-08	-1.75064528846e-11
2.50246555501e-08	-1.63201691744e-11
2.50662938393e-08	-1.19795232761e-11
2.51079321285e-08	-6.30505717081e-12
2.51495704177e-08	-4.84151347485e-13
2.51912087069e-08	3.96686372986e-12
2.52328469961e-08	6.74366205239e-12
2.52744852853e-08	7.17645430928e-12
2.53161235745e-08	5.62569912529e-12
2.53577618637e-08	2.46572684146e-12
2.53994001529e-08	-1.46855617944e-12
2.54410384422e-08	-5.11265335623e-12
2.54826767314e-08	-7.3102600362e-12
2.55243150206e-08	-7.23176943676e-12
2.55659533098e-08	-4.67181978867e-12
2.5607591599e-08	-2.51706641641e-13
2.56492298882e-08	4.65498646574e-12
2.56908681774e-08	8.6342773209e-12
2.57325064666e-08	1.07242912467e-11
2.57741447558e-08	1.04007254198e-11
2.5815783045e-08	7.73090879508e-12
2.58574213342e-08	3.47922775659e-12
2.58990596234e-08	-1.66488220779e-12
2.59406979126e-08	-6.53847462284e-12
2.59823362018e-08	-1.0042718393e-11
2.6023974491e-08	-1.14658777264e-11
2.60656127802e-08	-9.9645760393e-12
2.61072510694e-08	-5.4825532135e-12
2.61488893586e-08	1.65957254449e-12
2.61905276478e-08	9.746194303e-12
2.62321659371e-08	1.62768375167e-11
2.62738042263e-08	1.87326577861e-11
2.63154425155e-08	1.52473554615e-11
2.63570808047e-08	5.85587481283e-12
2.63987190939e-08	-7.43905978484e-12
2.64403573831e-08	-2.08617116637e-11
2.64819956723e-08	-2.98106608843e-11
2.65236339615e-08	-3.09943702648e-11
2.65652722507e-08	-2.32786984133e-11
2.66069105399e-08	-8.46869449567e-12
2.66485488291e-08	8.83035571747e-12
2.66901871183e-08	2.33862859633e-11
2.67318254075e-08	3.07919315046e-11
2.67734636967e-08	2.93213994751e-11
2.68151019859e-08	1.97959565407e-11
2.68567402751e-08	5.80007829959e-12
2.68983785643e-08	-8.1409974248e-12
2.69400168535e-08	-1.76603939805e-11
2.69816551427e-08	-2.01633536256e-11
2.7023293432e-08	-1.54813366987e-11
2.70649317212e-08	-5.59654579624e-12
2.71065700104e-08	6.17993677066e-12
2.71482082996e-08	1.58759949631e-11
2.71898465888e-08	2.05889194582e-11
2.7231484878e-08	1.8262849566e-11
2.72731231672e-08	9.61495726787e-12
2.73147614564e-08	-3.23703477217e-12
2.73563997456e-08	-1.64549797399e-11
2.73980380348e-08	-2.58855940155e-11
2.7439676324e-08	-2.84822582186e-11
2.74813146132e-08	-2.30546016305e-11
2.75229529024e-08	-1.09403076876e-11
2.75645911916e-08	4.30730884987e-12
2.76062294808e-08	1.82378556701e-11
2.764786777e-08	2.63540647638e-11
2.76895060592e-08	2.62302748966e-11
2.77311443484e-08	1.80040895387e-11
2.77727826377e-08	4.7482451998e-12
2.78144209269e-08	-9.12656582253e-12
2.78560592161e-08	-1.90717164283e-11
2.78976975053e-08	-2.22478667433e-11
2.79393357945e-08	-1.79858575949e-11
2.79809740837e-08	-8.34620046686e-12
2.80226123729e-08	3.07668560767e-12
2.80642506621e-08	1.25532561776e-11
2.81058889513e-08	1.76474338615e-11
2.81475272405e-08	1.7476225328e-11
2.81891655297e-08	1.35551847524e-11
2.82308038189e-08	7.64064506109e-12
2.82724421081e-08	1.97096765991e-12
2.83140803973e-08	-2.37494225674e-12
2.83557186865e-08	-5.27136841122e-12
2.83973569757e-08	-7.19112790148e-12
2.84389952649e-08	-8.56676535266e-12
2.84806335541e-08	-9.95998075681e-12
2.85222718433e-08	-1.05192079006e-11
2.85639101326e-08	-9.81169572672e-12
2.86055484218e-08	-6.97282596246e-12
2.8647186711e-08	-2.43410369985e-12
2.86888250002e-08	2.84933144787e-12
2.87304632894e-08	7.15564586751e-12
2.87721015786e-08	9.05973213117e-12
2.88137398678e-08	7.61033337043e-12
2.8855378157e-08	3.13404337204e-12
2.88970164462e-08	-2.68427185861e-12
2.89386547354e-08	-7.59191841337e-12
2.89802930246e-08	-9.29387816706e-12
2.90219313138e-08	-6.35345248634e-12
2.9063569603e-08	5.37122429867e-13
2.91052078922e-08	9.48438463183e-12
2.91468461814e-08	1.72018562589e-11
2.91884844706e-08	2.06307280287e-11
2.92301227598e-08	1.78816614294e-11
2.9271761049e-08	9.10857674008e-12
2.93133993382e-08	-3.53311390561e-12
2.93550376275e-08	-1.60411614547e-11
2.93966759167e-08	-2.48088112553e-11
2.94383142059e-08	-2.66106997548e-11
2.94799524951e-08	-2.09456271771e-11
2.95215907843e-08	-9.13428881144e-12
2.95632290735e-08	5.28537760433e-12
2.96048673627e-08	1.83533032522e-11
2.96465056519e-08	2.61976464827e-11
2.96881439411e-08	2.64255787391e-11
2.97297822303e-08	1.88222337022e-11
2.97714205195e-08	5.45361759224e-12
2.98130588087e-08	-9.91692318542e-12
2.98546970979e-08	-2.28966637317e-11
2.98963353871e-08	-2.97157645712e-11
2.99379736763e-08	-2.80034554573e-11
2.99796119655e-08	-1.81461928817e-11
3.00212502547e-08	-2.96045479797e-12
3.00628885439e-08	1.28928907481e-11
3.01045268331e-08	2.42954753538e-11
3.01461651224e-08	2.76342455863e-11
3.01878034116e-08	2.19417140707e-11
3.02294417008e-08	9.40942202626e-12
3.027107999e-08	-5.10035460047e-12
3.03127182792e-08	-1.63442401974e-11
3.03543565684e-08	-2.00110292919e-11
3.03959948576e-08	-1.49668836352e-11
3.04376331468e-08	-3.34651317074e-12
3.0479271436e-08	9.87952601672e-12
3.05209097252e-08	1.94594965142e-11
3.05625480144e-08	2.15557172806e-11
3.06041863036e-08	1.54889521348e-11
3.06458245928e-08	3.89890463665e-12
3.0687462882e-08	-9.04259479795e-12
3.07291011712e-08	-1.86362852234e-11
3.07707394604e-08	-2.21202934442e-11
3.08123777496e-08	-1.90735795214e-11
3.08540160388e-08	-1.1482373212e-11
3.08956543281e-08	-2.70427603921e-12
3.09372926173e-08	4.42264107281e-12
3.09789309065e-08	8.25456283188e-12
3.10205691957e-08	8.91856727359e-12
3.10622074849e-08	7.72414510825e-12
3.11038457741e-08	6.08581067485e-12
3.11454840633e-08	4.75053590215e-12
3.11871223525e-08	3.77131529131e-12
3.12287606417e-08	2.49564561725e-12
3.12703989309e-08	2.73638587917e-13
3.13120372201e-08	-2.80210728752e-12
3.13536755093e-08	-5.95034525125e-12
3.13953137985e-08	-7.84552110777e-12
3.14369520877e-08	-7.39083967638e-12
3.14785903769e-08	-4.41419557157e-12
3.15202286661e-08	4.06006825382e-13
3.15618669553e-08	5.5982514631e-12
3.16035052445e-08	9.7035175034e-12
3.16451435337e-08	1.17062488175e-11
3.1686781823e-08	1.12979226669e-11
3.17284201122e-08	8.74548350405e-12
3.17700584014e-08	4.57839408746e-12
3.18116966906e-08	-4.84511736287e-13
3.18533349798e-08	-5.7795920827e-12
3.1894973269e-08	-1.05338827938e-11
3.19366115582e-08	-1.38382985626e-11
3.19782498474e-08	-1.45513132793e-11
3.20198881366e-08	-1.22089820892e-11
3.20615264258e-08	-7.03306596989e-12
3.2103164715e-08	-2.8331156865e-13
3.21448030042e-08	5.82484191089e-12
3.21864412934e-08	9.08277966727e-12
3.22280795826e-08	8.24869166027e-12
3.22697178718e-08	3.56945766347e-12
3.2311356161e-08	-2.83262129031e-12
3.23529944502e-08	-8.12919263155e-12
3.23946327394e-08	-9.46618478048e-12
3.24362710286e-08	-5.53868929887e-12
3.24779093179e-08	2.9156919934e-12
3.25195476071e-08	1.29209464308e-11
3.25611858963e-08	2.08423764358e-11
3.26028241855e-08	2.32428035152e-11
3.26444624747e-08	1.87853777672e-11
3.26861007639e-08	8.33880360596e-12
3.27277390531e-08	-5.00961295016e-12
3.27693773423e-08	-1.70719254705e-11
3.28110156315e-08	-2.41228356734e-11
3.28526539207e-08	-2.42191058875e-11
3.28942922099e-08	-1.75637109023e-11
3.29359304991e-08	-6.75071370332e-12
3.29775687883e-08	4.58797930203e-12
3.30192070775e-08	1.28729353566e-11
3.30608453667e-08	1.59021424501e-11
3.31024836559e-08	1.32113625595e-11
3.31441219451e-08	6.30735914886e-12
3.31857602343e-08	-2.12084603352e-12
3.32273985235e-08	-9.20094209156e-12
3.32690368128e-08	-1.25833319459e-11
3.3310675102e-08	-1.15315257343e-11
3.33523133912e-08	-6.9639819085e-12
3.33939516804e-08	-6.34073522854e-13
3.34355899696e-08	4.99232079287e-12
3.34772282588e-08	8.42400888629e-12
3.3518866548e-08	8.51131751883e-12
3.35605048372e-08	6.12933748895e-12
3.36021431264e-08	2.44802442206e-12
3.36437814156e-08	-6.17738499242e-13
3.36854197048e-08	-1.87598808016e-12
3.3727057994e-08	-8.71600101121e-13
3.37686962832e-08	1.84155880649e-12
3.38103345724e-08	5.02843166411e-12
3.38519728616e-08	7.20623127143e-12
3.38936111508e-08	7.26995807304e-12
3.393524944e-08	4.79594489122e-12
3.39768877292e-08	3.31427593703e-13
3.40185260184e-08	-5.03161488169e-12
3.40601643077e-08	-9.53570816059e-12
3.41018025969e-08	-1.18499272894e-11
3.41434408861e-08	-1.1237569035e-11
3.41850791753e-08	-7.98672933344e-12
3.42267174645e-08	-3.29930874288e-12
3.42683557537e-08	1.09642546778e-12
3.43099940429e-08	3.70138251646e-12
3.43516323321e-08	3.50140619623e-12
3.43932706213e-08	1.06680679915e-12
3.44349089105e-08	-2.3673762603e-12
3.44765471997e-08	-4.48702620198e-12
3.45181854889e-08	-3.68723281075e-12
3.45598237781e-08	5.44366635102e-13
3.46014620673e-08	7.10667115433e-12
3.46431003565e-08	1.37123567709e-11
3.46847386457e-08	1.73159403483e-11
3.47263769349e-08	1.58293551877e-11
3.47680152241e-08	8.90692727906e-12
3.48096535134e-08	-1.77157030365e-12
3.48512918026e-08	-1.27019514698e-11
3.48929300918e-08	-1.99645976834e-11
3.4934568381e-08	-2.10049824756e-11
3.49762066702e-08	-1.51296492695e-11
3.50178449594e-08	-4.42028618569e-12
3.50594832486e-08	7.47990818589e-12
3.51011215378e-08	1.65445174921e-11
3.5142759827e-08	1.98744319613e-11
3.51843981162e-08	1.6468122005e-11
3.52260364054e-08	7.97533740438e-12
3.52676746946e-08	-2.65790341125e-12
3.53093129838e-08	-1.16646865778e-11
3.5350951273e-08	-1.66286342335e-11
3.53925895622e-08	-1.63001990378e-11
3.54342278514e-08	-1.15481244359e-11
3.54758661406e-08	-4.23157429236e-12
3.55175044298e-08	2.96654974891e-12
3.5559142719e-08	8.03171591734e-12
3.56007810083e-08	9.61854033921e-12
3.56424192975e-08	7.83719096564e-12
3.56840575867e-08	3.48025080976e-12
3.57256958759e-08	-1.64429928007e-12
3.57673341651e-08	-5.8121832e-12
3.58089724543e-08	-7.39145376849e-12
3.58506107435e-08	-5.79788994592e-12
3.58922490327e-08	-1.27609381395e-12
3.59338873219e-08	4.85270807912e-12
3.59755256111e-08	1.0372851883e-11
3.60171639003e-08	1.33558806376e-11
3.60588021895e-08	1.25857666303e-11
3.61004404787e-08	8.23822173673e-12
3.61420787679e-08	1.77055180413e-12
3.61837170571e-08	-4.71026169457e-12
3.62253553463e-08	-9.05113831107e-12
3.62669936355e-08	-1.03451136546e-11
3.63086319247e-08	-8.81656379847e-12
3.63502702139e-08	-6.05609225962e-12
3.63919085032e-08	-3.72986884434e-12
3.64335467924e-08	-2.82108017502e-12
3.64751850816e-08	-3.19547860395e-12
3.65168233708e-08	-3.61510344229e-12
3.655846166e-08	-2.63706808126e-12
3.66000999492e-08	4.05949037406e-13
3.66417382384e-08	5.0431395171e-12
3.66833765276e-08	9.33235606848e-12
3.67250148168e-08	1.13046759453e-11
3.6766653106e-08	9.35109021466e-12
3.68082913952e-08	3.60684767643e-12
3.68499296844e-08	-4.21699133946e-12
3.68915679736e-08	-1.12610372416e-11
3.69332062628e-08	-1.47199474831e-11
3.6974844552e-08	-1.31588420715e-11
3.70164828412e-08	-6.74173737669e-12
3.70581211304e-08	2.46071912846e-12
3.70997594196e-08	1.16148991466e-11
3.71413977088e-08	1.78232879844e-11
3.71830359981e-08	1.92080483463e-11
3.72246742873e-08	1.5520574409e-11
3.72663125765e-08	7.76214335863e-12
3.73079508657e-08	-1.76540466273e-12
3.73495891549e-08	-1.04329218875e-11
3.73912274441e-08	-1.59899142538e-11
3.74328657333e-08	-1.68848841159e-11
3.74745040225e-08	-1.29710625921e-11
3.75161423117e-08	-5.38508040243e-12
3.75577806009e-08	3.45720023789e-12
3.75994188901e-08	1.06445650905e-11
3.76410571793e-08	1.34816767125e-11
3.76826954685e-08	1.06385837639e-11
3.77243337577e-08	2.44363210222e-12
3.77659720469e-08	-8.55036527692e-12
3.78076103361e-08	-1.86624118936e-11
3.78492486253e-08	-2.3844478475e-11
3.78908869145e-08	-2.15533198927e-11
3.79325252038e-08	-1.14993032457e-11
3.7974163493e-08	3.7681056192e-12
3.80158017822e-08	1.96454744833e-11
3.80574400714e-08	3.10948315707e-11
3.80990783606e-08	3.42448118473e-11
3.81407166498e-08	2.79373434109e-11
3.8182354939e-08	1.41460506503e-11
3.82239932282e-08	-2.87806996117e-12
3.82656315174e-08	-1.77971214155e-11
3.83072698066e-08	-2.6287064539e-11
3.83489080958e-08	-2.6346171772e-11
3.8390546385e-08	-1.87331313656e-11
3.84321846742e-08	-6.76261347268e-12
3.84738229634e-08	5.40435187921e-12
3.85154612526e-08	1.40620232472e-11
3.85570995418e-08	1.68392313982e-11
3.8598737831e-08	1.37265945138e-11
3.86403761202e-08	6.36337423726e-12
3.86820144094e-08	-2.32216589707e-12
3.87236526987e-08	-9.84196925347e-12
3.87652909879e-08	-1.39541937033e-11
3.88069292771e-08	-1.4146152999e-11
3.88485675663e-08	-1.08173877841e-11
3.88902058555e-08	-5.30388840486e-12
3.89318441447e-08	8.26365885442e-13
3.89734824339e-08	6.15744521343e-12
3.90151207231e-08	9.59427242514e-12
3.90567590123e-08	1.06336614861e-11
3.90983973015e-08	9.36410671226e-12
3.91400355907e-08	6.21062402895e-12
3.91816738799e-08	2.10461682804e-12
3.92233121691e-08	-2.25173222082e-12
3.92649504583e-08	-5.59644171283e-12
3.93065887475e-08	-7.15139839708e-12
3.93482270367e-08	-6.21405834775e-12
3.93898653259e-08	-2.89674187415e-12
3.94315036151e-08	2.19767346682e-12
3.94731419043e-08	7.60004038869e-12
3.95147801936e-08	1.17683900819e-11
3.95564184828e-08	1.3100675926e-11
3.9598056772e-08	1.09075318222e-11
3.96396950612e-08	5.10780133467e-12
3.96813333504e-08	-2.79211202769e-12
3.97229716396e-08	-1.11660307736e-11
3.97646099288e-08	-1.76741954405e-11
3.9806248218e-08	-2.08256155376e-11
3.98478865072e-08	-1.97791279882e-11
3.98895247964e-08	-1.47908317538e-11
3.99311630856e-08	-6.86558448981e-12
3.99728013748e-08	2.47231748962e-12
4.0014439664e-08	1.14291666409e-11
4.00560779532e-08	1.81633805219e-11
4.00977162424e-08	2.13880128885e-11
4.01393545316e-08	2.00596362437e-11
4.01809928208e-08	1.40354351405e-11
4.022263111e-08	4.34774959091e-12
4.02642693992e-08	-6.72432682453e-12
4.03059076885e-08	-1.61421570555e-11
4.03475459777e-08	-2.06782247575e-11
4.03891842669e-08	-1.85034782635e-11
4.04308225561e-08	-9.71578893727e-12
4.04724608453e-08	2.99796298897e-12
4.05140991345e-08	1.54459778301e-11
4.05557374237e-08	2.29109196892e-11
4.05973757129e-08	2.24615447769e-11
4.06390140021e-08	1.38319937101e-11
4.06806522913e-08	-1.17839765723e-13
4.07222905805e-08	-1.44144010963e-11
4.07639288697e-08	-2.37262553354e-11
4.08055671589e-08	-2.48031595262e-11
4.08472054481e-08	-1.72171617241e-11
4.08888437373e-08	-3.96290682561e-12
4.09304820265e-08	1.02044241113e-11
4.09721203157e-08	2.0205250667e-11
4.10137586049e-08	2.2908166683e-11
4.10553968941e-08	1.76802184004e-11
4.10970351834e-08	6.67325699907e-12
4.11386734726e-08	-6.34003440025e-12
4.11803117618e-08	-1.75642660138e-11
4.1221950051e-08	-2.39131631163e-11
4.12635883402e-08	-2.40928301615e-11
4.13052266294e-08	-1.82383500663e-11
4.13468649186e-08	-7.73715640168e-12
4.13885032078e-08	5.03139717389e-12
4.1430141497e-08	1.73598566078e-11
4.14717797862e-08	2.625311947e-11
4.15134180754e-08	2.9393969897e-11
4.15550563646e-08	2.55640422026e-11
4.15966946538e-08	1.54396096602e-11
4.1638332943e-08	1.44740057613e-12
4.16799712322e-08	-1.24840641297e-11
4.17216095214e-08	-2.22953235735e-11
4.17632478106e-08	-2.50549112707e-11
4.18048860998e-08	-2.01658932608e-11
4.18465243891e-08	-9.66868599073e-12
4.18881626783e-08	2.4527159817e-12
4.19298009675e-08	1.1998848963e-11
4.19714392567e-08	1.57702566284e-11
4.20130775459e-08	1.29881183933e-11
4.20547158351e-08	5.36955636204e-12
4.20963541243e-08	-3.91037983244e-12
4.21379924135e-08	-1.11859783589e-11
4.21796307027e-08	-1.40607820526e-11
4.22212689919e-08	-1.19463449549e-11
4.22629072811e-08	-6.28469585401e-12
4.23045455703e-08	4.97195492243e-13
4.23461838595e-08	5.98707281668e-12
4.23878221487e-08	8.76729591703e-12
4.24294604379e-08	8.76395050281e-12
4.24710987271e-08	6.6928650122e-12
4.25127370163e-08	3.99063941614e-12
4.25543753055e-08	1.54492824783e-12
4.25960135947e-08	-2.74260648914e-13
4.2637651884e-08	-1.65885371845e-12
4.26792901732e-08	-2.95674465814e-12
4.27209284624e-08	-4.17319998003e-12
4.27625667516e-08	-4.77681002392e-12
4.28042050408e-08	-3.96452315421e-12
4.284584333e-08	-1.20312397198e-12
4.28874816192e-08	3.40966577889e-12
4.29291199084e-08	8.69493886613e-12
4.29707581976e-08	1.29572498564e-11
4.30123964868e-08	1.42777629997e-11
4.3054034776e-08	1.13162153259e-11
4.30956730652e-08	4.14954008654e-12
4.31373113544e-08	-5.85059604929e-12
4.31789496436e-08	-1.60625020229e-11
4.32205879328e-08	-2.35758843004e-11
4.3262226222e-08	-2.60428137389e-11
4.33038645112e-08	-2.23258408288e-11
4.33455028004e-08	-1.31237833101e-11
4.33871410896e-08	-6.36424940526e-13
4.34287793789e-08	1.19079841474e-11
4.34704176681e-08	2.1245078613e-11
4.35120559573e-08	2.4830124068e-11
4.35536942465e-08	2.1926059926e-11
4.35953325357e-08	1.35942316432e-11
4.36369708249e-08	2.51291435577e-12
4.36786091141e-08	-7.88644236721e-12
4.37202474033e-08	-1.43358753688e-11
4.37618856925e-08	-1.50972047364e-11
4.38035239817e-08	-1.00325260252e-11
4.38451622709e-08	-1.31547637366e-12
4.38868005601e-08	8.04326830833e-12
4.39284388493e-08	1.45698245135e-11
4.39700771385e-08	1.60075685346e-11
4.40117154277e-08	1.17375900666e-11
4.40533537169e-08	2.9442299293e-12
4.40949920061e-08	-7.62500392687e-12
4.41366302953e-08	-1.66165345372e-11
4.41782685845e-08	-2.11528156102e-11
4.42199068738e-08	-1.9652734301e-11
4.4261545163e-08	-1.2374165928e-11
4.43031834522e-08	-1.37603351023e-12
4.43448217414e-08	1.00163757497e-11
4.43864600306e-08	1.82855709741e-11
4.44280983198e-08	2.06069623171e-11
4.4469736609e-08	1.6162071681e-11
4.45113748982e-08	6.26145402888e-12
4.45530131874e-08	-5.83685270256e-12
4.45946514766e-08	-1.60791466947e-11
4.46362897658e-08	-2.09937484064e-11
4.4677928055e-08	-1.90992187343e-11
4.47195663442e-08	-1.12490173426e-11
4.47612046334e-08	-3.17182044518e-13
4.48028429226e-08	1.01758141843e-11
4.48444812118e-08	1.70162234997e-11
4.4886119501e-08	1.88904551723e-11
4.49277577902e-08	1.60763242996e-11
4.49693960795e-08	1.04121277572e-11
4.50110343687e-08	3.93229502779e-12
4.50526726579e-08	-1.47827041407e-12
4.50943109471e-08	-5.12949925591e-12
4.51359492363e-08	-6.95840694093e-12
4.51775875255e-08	-7.42975212603e-12
4.52192258147e-08	-7.04721003775e-12
4.52608641039e-08	-6.19045613381e-12
4.53025023931e-08	-5.03257331641e-12
4.53441406823e-08	-3.69517003801e-12
4.53857789715e-08	-2.41996223407e-12
4.54274172607e-08	-1.297338105e-12
4.54690555499e-08	-4.96885952522e-13
4.55106938391e-08	-1.16094417066e-13
4.55523321283e-08	7.42494173783e-14
4.55939704175e-08	2.50064075349e-13
4.56356087067e-08	7.19272189552e-13
4.56772469959e-08	1.3036967339e-12
4.57188852851e-08	1.85411191608e-12
4.57605235744e-08	2.13292924989e-12
4.58021618636e-08	2.0988506072e-12
4.58438001528e-08	1.94983439117e-12
4.5885438442e-08	2.04338542614e-12
4.59270767312e-08	2.53798111e-12
4.59687150204e-08	3.41915992047e-12
4.60103533096e-08	3.92122966042e-12
4.60519915988e-08	3.42014567709e-12
4.6093629888e-08	1.33128013821e-12
4.61352681772e-08	-2.13258273887e-12
4.61769064664e-08	-5.99028292247e-12
4.62185447556e-08	-8.62659856743e-12
4.62601830448e-08	-8.49022414873e-12
4.6301821334e-08	-5.00084305563e-12
4.63434596232e-08	1.18093024509e-12
4.63850979124e-08	8.18153010618e-12
4.64267362016e-08	1.3294374282e-11
4.64683744908e-08	1.4430685813e-11
4.651001278e-08	1.06085123325e-11
4.65516510693e-08	2.78929310205e-12
4.65932893585e-08	-6.73488001479e-12
4.66349276477e-08	-1.48836810931e-11
4.66765659369e-08	-1.92965504686e-11
4.67182042261e-08	-1.87523104683e-11
4.67598425153e-08	-1.37170717493e-11
4.68014808045e-08	-5.84605237483e-12
4.68431190937e-08	2.51856001332e-12
4.68847573829e-08	9.35096271248e-12
4.69263956721e-08	1.3318570205e-11
4.69680339613e-08	1.39717725237e-11
4.70096722505e-08	1.17343183781e-11
4.70513105397e-08	7.47051205618e-12
4.70929488289e-08	2.49851268147e-12
4.71345871181e-08	-1.90658773491e-12
4.71762254073e-08	-4.6096221458e-12
4.72178636965e-08	-4.82848830363e-12
4.72595019857e-08	-2.53705736974e-12
4.73011402749e-08	1.38861144805e-12
4.73427785642e-08	5.35051473613e-12
4.73844168534e-08	7.53209473958e-12
4.74260551426e-08	6.62100495957e-12
4.74676934318e-08	2.41166114856e-12
4.7509331721e-08	-3.92898777749e-12
4.75509700102e-08	-1.00938814598e-11
4.75926082994e-08	-1.37107278655e-11
4.76342465886e-08	-1.32132638164e-11
4.76758848778e-08	-8.60751834392e-12
4.7717523167e-08	-1.6634176675e-12
4.77591614562e-08	4.90064065717e-12
4.78007997454e-08	8.6882090064e-12
4.78424380346e-08	8.43827438479e-12
4.78840763238e-08	4.73636494608e-12
4.7925714613e-08	-3.21323479976e-13
4.79673529022e-08	-4.41676903384e-12
4.80089911914e-08	-5.57619922459e-12
4.80506294806e-08	-3.64934384794e-12
4.80922677698e-08	2.02035436991e-13
4.81339060591e-08	3.89306989423e-12
4.81755443483e-08	5.57998612594e-12
4.82171826375e-08	4.53262080646e-12
4.82588209267e-08	1.41524899439e-12
4.83004592159e-08	-1.89291898128e-12
4.83420975051e-08	-3.51661755271e-12
4.83837357943e-08	-2.20964869665e-12
4.84253740835e-08	1.89848592576e-12
4.84670123727e-08	7.24862140797e-12
4.85086506619e-08	1.16483905854e-11
4.85502889511e-08	1.2831949045e-11
4.85919272403e-08	9.73287596351e-12
4.86335655295e-08	2.77952140471e-12
4.86752038187e-08	-6.2470428136e-12
4.87168421079e-08	-1.46397859113e-11
4.87584803971e-08	-1.99301564835e-11
4.88001186863e-08	-2.05180924334e-11
4.88417569755e-08	-1.61427000239e-11
4.88833952648e-08	-8.21754643499e-12
4.8925033554e-08	1.03227257471e-12
4.89666718432e-08	8.92661205371e-12
4.90083101324e-08	1.34484576253e-11
4.90499484216e-08	1.35330462114e-11
4.90915867108e-08	9.76536386477e-12
4.9133225e-08	3.6704020899e-12
4.91748632892e-08	-2.39147330411e-12
4.92165015784e-08	-6.34987028236e-12
4.92581398676e-08	-6.7615522556e-12
4.92997781568e-08	-3.58560056646e-12
4.9341416446e-08	2.14309126001e-12
4.93830547352e-08	8.45903382063e-12
4.94246930244e-08	1.3189707139e-11
4.94663313136e-08	1.45347258534e-11
4.95079696028e-08	1.15781464277e-11
4.9549607892e-08	4.65591714488e-12
4.95912461812e-08	-4.66742616778e-12
4.96328844704e-08	-1.37983522178e-11
4.96745227597e-08	-1.99326614242e-11
4.97161610489e-08	-2.08719638795e-11
4.97577993381e-08	-1.58551886897e-11
4.97994376273e-08	-6.0355817566e-12
4.98410759165e-08	5.65701305244e-12
4.98827142057e-08	1.53921562995e-11
4.99243524949e-08	1.99072217044e-11
4.99659907841e-08	1.75274135483e-11
5.00076290733e-08	9.18441364628e-12
5.00492673625e-08	-2.18287302296e-12
5.00909056517e-08	-1.24222411871e-11
5.01325439409e-08	-1.80533921146e-11
5.01741822301e-08	-1.74323940699e-11
5.02158205193e-08	-1.14618193409e-11
5.02574588085e-08	-2.75925896714e-12
5.02990970977e-08	5.35356177792e-12
5.03407353869e-08	1.03961145248e-11
5.03823736761e-08	1.15186905153e-11
5.04240119653e-08	9.5628132149e-12
5.04656502546e-08	6.51583908357e-12
5.05072885438e-08	4.015125038e-12
5.0548926833e-08	2.91309597972e-12
5.05905651222e-08	2.80621706428e-12
5.06322034114e-08	2.53359659641e-12
5.06738417006e-08	1.22595770341e-12
5.07154799898e-08	-1.56325560136e-12
5.0757118279e-08	-4.88666659221e-12
5.07987565682e-08	-7.489204569e-12
5.08403948574e-08	-7.85305934864e-12
5.08820331466e-08	-5.68348146324e-12
5.09236714358e-08	-1.69790874069e-12
5.0965309725e-08	2.39193127111e-12
5.10069480142e-08	4.62824657071e-12
5.10485863034e-08	3.84253219521e-12
5.10902245926e-08	2.33696742513e-13
5.11318628818e-08	-4.78176352681e-12
5.1173501171e-08	-8.96539353173e-12
5.12151394602e-08	-1.04529197797e-11
5.12567777495e-08	-8.30169440136e-12
5.12984160387e-08	-2.88949680155e-12
5.13400543279e-08	4.17889681192e-12
5.13816926171e-08	1.08695049489e-11
5.14233309063e-08	1.53028388572e-11
5.14649691955e-08	1.62432758216e-11
5.15066074847e-08	1.33116512605e-11
5.15482457739e-08	6.98147659475e-12
5.15898840631e-08	-1.45198870288e-12
5.16315223523e-08	-1.02564571419e-11
5.16731606415e-08	-1.72453162861e-11
5.17147989307e-08	-2.03349680844e-11
5.17564372199e-08	-1.79652646926e-11
5.17980755091e-08	-9.89737892337e-12
5.18397137983e-08	2.39849936787e-12
5.18813520875e-08	1.56217833808e-11
5.19229903767e-08	2.56055645437e-11
5.19646286659e-08	2.86397919269e-11
5.20062669552e-08	2.28513839795e-11
5.20479052444e-08	9.40520231141e-12
5.20895435336e-08	-7.75351657878e-12
5.21311818228e-08	-2.30138894053e-11
5.2172820112e-08	-3.13197870416e-11
5.22144584012e-08	-2.99461115627e-11
5.22560966904e-08	-1.95460748281e-11
5.22977349796e-08	-4.05936048664e-12
5.23393732688e-08	1.10497392486e-11
5.2381011558e-08	2.07103882655e-11
5.24226498472e-08	2.20599111894e-11
5.24642881364e-08	1.54501116761e-11
5.25059264256e-08	3.87665333862e-12
5.25475647148e-08	-8.10405909046e-12
5.2589203004e-08	-1.62275384102e-11
5.26308412932e-08	-1.77653655675e-11
5.26724795824e-08	-1.24596704482e-11
5.27141178716e-08	-2.17943111475e-12
5.27557561608e-08	9.67081796588e-12
5.27973944501e-08	1.93696482464e-11
5.28390327393e-08	2.40459076262e-11
5.28806710285e-08	2.22591181598e-11
5.29223093177e-08	1.46391804928e-11
5.29639476069e-08	3.20013373439e-12
5.30055858961e-08	-8.89692052669e-12
5.30472241853e-08	-1.85423135179e-11
5.30888624745e-08	-2.34119945652e-11
5.31305007637e-08	-2.2517395934e-11
5.31721390529e-08	-1.64337016217e-11
5.32137773421e-08	-7.00387751268e-12
5.32554156313e-08	3.12662526078e-12
5.32970539205e-08	1.1505286307e-11
5.33386922097e-08	1.61786192082e-11
5.33803304989e-08	1.62394507564e-11
5.34219687881e-08	1.2070863406e-11
5.34636070773e-08	4.92472078742e-12
5.35052453665e-08	-3.23857477294e-12
5.35468836557e-08	-1.02573869537e-11
5.3588521945e-08	-1.44906517341e-11
5.36301602342e-08	-1.49650517672e-11
5.36717985234e-08	-1.1772799749e-11
5.37134368126e-08	-5.77093581255e-12
5.37550751018e-08	1.49317017084e-12
5.3796713391e-08	8.31824366332e-12
5.38383516802e-08	1.3250687006e-11
5.38799899694e-08	1.53902897371e-11
5.39216282586e-08	1.45303699628e-11
5.39632665478e-08	1.11325731619e-11
5.4004904837e-08	6.07323349597e-12
5.40465431262e-08	4.06931432995e-13
5.40881814154e-08	-4.79946898196e-12
5.41298197046e-08	-8.5450067161e-12
5.41714579938e-08	-1.01759312782e-11
5.4213096283e-08	-9.27854234417e-12
5.42547345722e-08	-6.16916240315e-12
5.42963728614e-08	-1.5371172217e-12
5.43380111506e-08	3.16310779652e-12
5.43796494399e-08	6.31423472536e-12
5.44212877291e-08	6.42056373346e-12
5.44629260183e-08	2.90390454738e-12
5.45045643075e-08	-3.61039843855e-12
5.45462025967e-08	-1.12572121763e-11
5.45878408859e-08	-1.72921225949e-11
5.46294791751e-08	-1.90447380088e-11
5.46711174643e-08	-1.48469396499e-11
5.47127557535e-08	-5.02591891716e-12
5.47543940427e-08	8.1869407087e-12
5.47960323319e-08	2.10957067787e-11
5.48376706211e-08	2.96217113338e-11
5.48793089103e-08	3.0845045268e-11
5.49209471995e-08	2.39081671127e-11
5.49625854887e-08	1.05327534888e-11
5.50042237779e-08	-5.59590481591e-12
5.50458620671e-08	-1.98635101423e-11
5.50875003563e-08	-2.82675532287e-11
5.51291386455e-08	-2.84255882721e-11
5.51707769348e-08	-2.06285093174e-11
5.5212415224e-08	-7.27895521635e-12
5.52540535132e-08	7.51506322449e-12
5.52956918024e-08	1.95020614241e-11
5.53373300916e-08	2.52064237538e-11
5.53789683808e-08	2.3115443587e-11
5.542060667e-08	1.39617397504e-11
5.54622449592e-08	4.99119842678e-13
5.55038832484e-08	-1.32381093934e-11
5.55455215376e-08	-2.31745629631e-11
5.55871598268e-08	-2.62339039381e-11
5.5628798116e-08	-2.15653953028e-11
5.56704364052e-08	-1.05061749231e-11
5.57120746944e-08	3.35637680843e-12
5.57537129836e-08	1.55448640071e-11
5.57953512728e-08	2.20946039242e-11
5.5836989562e-08	2.0830117145e-11
5.58786278512e-08	1.24264609019e-11
5.59202661405e-08	2.80183862222e-14
5.59619044297e-08	-1.16920969434e-11
5.60035427189e-08	-1.84551367244e-11
5.60451810081e-08	-1.77955358782e-11
5.60868192973e-08	-1.00437123896e-11
5.61284575865e-08	1.85112428858e-12
5.61700958757e-08	1.35941015389e-11
5.62117341649e-08	2.11395519145e-11
5.62533724541e-08	2.21499086434e-11
5.62950107433e-08	1.67229667614e-11
5.63366490325e-08	6.99541032739e-12
5.63782873217e-08	-3.73149167815e-12
5.64199256109e-08	-1.24663855627e-11
5.64615639001e-08	-1.73603024317e-11
5.65032021893e-08	-1.80652090509e-11
5.65448404785e-08	-1.53866502872e-11
5.65864787677e-08	-1.06316500742e-11
5.66281170569e-08	-5.06190358726e-12
5.66697553461e-08	4.10091394436e-13
5.67113936354e-08	5.13357108559e-12
5.67530319246e-08	8.61458040319e-12
5.67946702138e-08	1.03913197491e-11
5.6836308503e-08	1.02077825359e-11
5.68779467922e-08	7.96817473114e-12
5.69195850814e-08	4.18547228126e-12
5.69612233706e-08	-1.65911555328e-13
5.70028616598e-08	-4.13756355566e-12
5.7044499949e-08	-6.74722647545e-12
5.70861382382e-08	-7.63598732856e-12
5.71277765274e-08	-6.81082273912e-12
5.71694148166e-08	-4.57203025439e-12
5.72110531058e-08	-1.31899699496e-12
5.7252691395e-08	2.47341556958e-12
5.72943296842e-08	6.26487577093e-12
5.73359679734e-08	9.39247204318e-12
5.73776062626e-08	1.08288360917e-11
5.74192445518e-08	9.73416659777e-12
5.7460882841e-08	5.8288608315e-12
5.75025211303e-08	-2.81126684432e-13
5.75441594195e-08	-6.86555933632e-12
5.75857977087e-08	-1.16360176702e-11
5.76274359979e-08	-1.25641736598e-11
5.76690742871e-08	-8.81974614869e-12
5.77107125763e-08	-1.52539526149e-12
5.77523508655e-08	6.75850000964e-12
5.77939891547e-08	1.25209790452e-11
5.78356274439e-08	1.30700701997e-11
5.78772657331e-08	7.4738938996e-12
5.79189040223e-08	-2.78733806869e-12
5.79605423115e-08	-1.41738122975e-11
5.80021806007e-08	-2.24184646541e-11
5.80438188899e-08	-2.40502912724e-11
5.80854571791e-08	-1.79311392123e-11
5.81270954683e-08	-5.43729991587e-12
5.81687337575e-08	9.56201610947e-12
5.82103720467e-08	2.23632050378e-11
5.82520103359e-08	2.90451395574e-11
5.82936486252e-08	2.75843028974e-11
5.83352869144e-08	1.88580991101e-11
5.83769252036e-08	5.87822108697e-12
5.84185634928e-08	-7.07622935942e-12
5.8460201782e-08	-1.62579446433e-11
5.85018400712e-08	-1.93786930947e-11
5.85434783604e-08	-1.63592975971e-11
5.85851166496e-08	-9.02510531586e-12
5.86267549388e-08	-2.90922125799e-13
5.8668393228e-08	6.94473558521e-12
5.87100315172e-08	1.06489903701e-11
5.87516698064e-08	1.01462449553e-11
5.87933080956e-08	6.18066015035e-12
5.88349463848e-08	3.05373781817e-13
5.8876584674e-08	-5.53058467079e-12
5.89182229632e-08	-9.62927480808e-12
5.89598612524e-08	-1.08988269798e-11
5.90014995416e-08	-9.2026412532e-12
5.90431378309e-08	-5.17217475446e-12
5.90847761201e-08	-1.2196060134e-13
5.91264144093e-08	4.35121903786e-12
5.91680526985e-08	7.06837886832e-12
5.92096909877e-08	7.22891061247e-12
5.92513292769e-08	5.01987253848e-12
5.92929675661e-08	1.31342679788e-12
5.93346058553e-08	-2.44773819269e-12
5.93762441445e-08	-4.87015028999e-12
5.94178824337e-08	-4.85721445703e-12
5.94595207229e-08	-2.38172502554e-12
5.95011590121e-08	1.87417789621e-12
5.95427973013e-08	6.31033506698e-12
5.95844355905e-08	9.37843899762e-12
5.96260738797e-08	9.9262291095e-12
5.96677121689e-08	7.76484952725e-12
5.97093504581e-08	3.75954909565e-12
5.97509887473e-08	-6.28083522691e-13
5.97926270365e-08	-3.81871617661e-12
5.98342653258e-08	-5.00111323881e-12
5.9875903615e-08	-4.39887189174e-12
5.99175419042e-08	-3.14409869667e-12
5.99591801934e-08	-2.72968800341e-12
6.00008184826e-08	-4.11530358402e-12
6.00424567718e-08	-7.2335345179e-12
6.0084095061e-08	-1.07290010209e-11
6.01257333502e-08	-1.25088359809e-11
6.01673716394e-08	-1.07920252596e-11
6.02090099286e-08	-4.99942405183e-12
6.02506482178e-08	3.66089276949e-12
6.0292286507e-08	1.25715124075e-11
6.03339247962e-08	1.84733825459e-11
6.03755630854e-08	1.90889803964e-11
6.04172013746e-08	1.40136643609e-11
6.04588396638e-08	5.01668585146e-12
6.0500477953e-08	-4.50824013537e-12
6.05421162422e-08	-1.11922710683e-11
6.05837545314e-08	-1.27302517486e-11
6.06253928207e-08	-9.14829843823e-12
6.06670311099e-08	-2.33998844607e-12
6.07086693991e-08	4.65995688217e-12
6.07503076883e-08	9.08990938076e-12
6.07919459775e-08	9.56061185081e-12
6.08335842667e-08	6.37887399152e-12
6.08752225559e-08	1.17539485089e-12
6.09168608451e-08	-4.00786608762e-12
6.09584991343e-08	-7.51147061218e-12
6.10001374235e-08	-8.59419566762e-12
6.10417757127e-08	-7.45681641434e-12
6.10834140019e-08	-4.73864350536e-12
6.11250522911e-08	-1.25962608399e-12
6.11666905803e-08	2.27149635906e-12
6.12083288695e-08	5.14389615972e-12
6.12499671587e-08	6.62388980471e-12
6.12916054479e-08	6.07588718921e-12
6.13332437371e-08	3.16311256701e-12
6.13748820263e-08	-1.74319152862e-12
6.14165203156e-08	-7.2520414153e-12
6.14581586048e-08	-1.1486943341e-11
6.1499796894e-08	-1.25364753301e-11
6.15414351832e-08	-9.37888568892e-12
6.15830734724e-08	-2.53870102024e-12
6.16247117616e-08	5.99209093802e-12
6.16663500508e-08	1.33938485303e-11
6.170798834e-08	1.7121011206e-11
6.17496266292e-08	1.6028631547e-11
6.17912649184e-08	1.08147830968e-11
6.18329032076e-08	3.65502029684e-12
6.18745414968e-08	-2.72355575592e-12
6.1916179786e-08	-6.37413689539e-12
6.19578180752e-08	-6.75909979028e-12
6.19994563644e-08	-4.97878257719e-12
6.20410946536e-08	-2.87291414616e-12
6.20827329428e-08	-2.13633190999e-12
6.2124371232e-08	-3.37716313248e-12
6.21660095212e-08	-5.73485269689e-12
6.22076478105e-08	-7.63076754562e-12
6.22492860997e-08	-7.38185814558e-12
6.22909243889e-08	-4.38325330893e-12
6.23325626781e-08	6.98937869387e-13
6.23742009673e-08	6.00504802134e-12
6.24158392565e-08	9.39574806846e-12
6.24574775457e-08	9.44275300313e-12
6.24991158349e-08	5.91124284938e-12
6.25407541241e-08	7.29675651498e-14
6.25823924133e-08	-5.84691062927e-12
6.26240307025e-08	-9.55955627158e-12
6.26656689917e-08	-9.61278626144e-12
6.27073072809e-08	-5.84787947233e-12
6.27489455701e-08	4.11889272689e-13
6.27905838593e-08	6.94116292221e-12
6.28322221485e-08	1.14216466146e-11
6.28738604377e-08	1.22520648141e-11
6.29154987269e-08	9.14567813842e-12
6.29571370162e-08	3.1958355233e-12
6.29987753054e-08	-3.57237243259e-12
6.30404135946e-08	-8.81050701146e-12
6.30820518838e-08	-1.06804426414e-11
6.3123690173e-08	-8.47861277714e-12
6.31653284622e-08	-2.74315271019e-12
6.32069667514e-08	4.7026783509e-12
6.32486050406e-08	1.14146903735e-11
6.32902433298e-08	1.49358997392e-11
6.3331881619e-08	1.35857861419e-11
6.33735199082e-08	7.12201304875e-12
6.34151581974e-08	-3.12482244941e-12
6.34567964866e-08	-1.43165843763e-11
6.34984347758e-08	-2.31431124265e-11
6.3540073065e-08	-2.66359399814e-11
6.35817113542e-08	-2.33608792033e-11
6.36233496434e-08	-1.3709846626e-11
6.36649879326e-08	-1.94591738556e-13
6.37066262218e-08	1.34806679708e-11
6.37482645111e-08	2.3520574377e-11
6.37899028003e-08	2.72022699505e-11
6.38315410895e-08	2.37630262689e-11
6.38731793787e-08	1.45527773859e-11
6.39148176679e-08	2.58961081745e-12
6.39564559571e-08	-8.36318167496e-12
6.39980942463e-08	-1.50586799974e-11
6.40397325355e-08	-1.57607243229e-11
6.40813708247e-08	-1.08053357928e-11
6.41230091139e-08	-2.32953196663e-12
6.41646474031e-08	6.35612656258e-12
6.42062856923e-08	1.20683064236e-11
6.42479239815e-08	1.27614984552e-11
6.42895622707e-08	8.33218043172e-12
6.43312005599e-08	4.78448877739e-13
6.43728388491e-08	-7.8788191249e-12
6.44144771383e-08	-1.37902059563e-11
6.44561154275e-08	-1.53406731762e-11
6.44977537167e-08	-1.23079237774e-11
6.4539392006e-08	-6.11470943324e-12
6.45810302952e-08	8.65879416778e-13
6.46226685844e-08	6.39649010842e-12
6.46643068736e-08	8.98921301978e-12
6.47059451628e-08	8.57457247566e-12
6.4747583452e-08	5.89543171226e-12
6.47892217412e-08	2.3377411118e-12
6.48308600304e-08	-1.01910754141e-12
6.48724983196e-08	-3.54465675562e-12
6.49141366088e-08	-5.03913664268e-12
6.4955774898e-08	-5.60499216484e-12
6.49974131872e-08	-5.2499510815e-12
6.50390514764e-08	-3.75049297174e-12
6.50806897656e-08	-9.57883945774e-13
6.51223280548e-08	3.04808955853e-12
6.5163966344e-08	7.67569514892e-12
6.52056046332e-08	1.1938935951e-11
6.52472429224e-08	1.45476521454e-11
6.52888812116e-08	1.44680829817e-11
6.53305195009e-08	1.12120165582e-11
6.53721577901e-08	5.02768486565e-12
6.54137960793e-08	-3.06482270118e-12
6.54554343685e-08	-1.14957644098e-11
6.54970726577e-08	-1.84309026374e-11
6.55387109469e-08	-2.21942048073e-11
6.55803492361e-08	-2.15289747835e-11
6.56219875253e-08	-1.61127101245e-11
6.56636258145e-08	-6.81917109585e-12
6.57052641037e-08	4.37056424038e-12
6.57469023929e-08	1.44332237134e-11
6.57885406821e-08	2.04169164214e-11
6.58301789713e-08	2.02281819767e-11
6.58718172605e-08	1.36703686565e-11
6.59134555497e-08	2.73414927851e-12
6.59550938389e-08	-8.85637570225e-12
6.59967321281e-08	-1.68212926227e-11
6.60383704173e-08	-1.81059299498e-11
6.60800087066e-08	-1.18530376486e-11
6.61216469958e-08	-1.6410137138e-13
6.6163285285e-08	1.27282082443e-11
6.62049235742e-08	2.20350699492e-11
6.62465618634e-08	2.41106249549e-11
6.62882001526e-08	1.78760513336e-11
6.63298384418e-08	5.25405673829e-12
6.6371476731e-08	-9.50436257474e-12
6.64131150202e-08	-2.1527911398e-11
6.64547533094e-08	-2.68387881364e-11
6.64963915986e-08	-2.38373886602e-11
6.65380298878e-08	-1.36042002316e-11
6.6579668177e-08	4.64231734651e-13
6.66213064662e-08	1.40684668776e-11
6.66629447554e-08	2.32817463225e-11
6.67045830446e-08	2.56233107648e-11
6.67462213338e-08	2.06833838251e-11
6.6787859623e-08	9.96036152862e-12
6.68294979122e-08	-3.67414779157e-12
6.68711362015e-08	-1.66966006993e-11
6.69127744907e-08	-2.57599323816e-11
6.69544127799e-08	-2.84627113545e-11
6.69960510691e-08	-2.3926182216e-11
6.70376893583e-08	-1.315842834e-11
6.70793276475e-08	1.14075155572e-12
6.71209659367e-08	1.50535174603e-11
6.71626042259e-08	2.47004951215e-11
6.72042425151e-08	2.73316230759e-11
6.72458808043e-08	2.23839904945e-11
6.72875190935e-08	1.17931758109e-11
6.73291573827e-08	-8.38951737941e-13
6.73707956719e-08	-1.13069033303e-11
6.74124339611e-08	-1.64845394279e-11
6.74540722503e-08	-1.5319270158e-11
6.74957105395e-08	-9.06284422508e-12
6.75373488287e-08	-6.34038394703e-13
6.75789871179e-08	6.76625162149e-12
6.76206254071e-08	1.06100250113e-11
6.76622636964e-08	1.01606943345e-11
6.77039019856e-08	6.16469895964e-12
6.77455402748e-08	4.45564158486e-13
6.7787178564e-08	-5.07116874535e-12
6.78288168532e-08	-8.93461866991e-12
6.78704551424e-08	-1.06041876669e-11
6.79120934316e-08	-1.01651031342e-11
6.79537317208e-08	-8.01469654532e-12
6.799537001e-08	-4.62799330109e-12
6.80370082992e-08	-4.23454972259e-13
6.80786465884e-08	4.13231168034e-12
6.81202848776e-08	8.33046912702e-12
6.81619231668e-08	1.12007139674e-11
6.8203561456e-08	1.16852812149e-11
6.82451997452e-08	9.16918103944e-12
6.82868380344e-08	3.70722896825e-12
6.83284763236e-08	-3.49203023269e-12
6.83701146128e-08	-1.05063804878e-11
6.8411752902e-08	-1.50709097979e-11
6.84533911913e-08	-1.54589709089e-11
6.84950294805e-08	-1.10904141773e-11
6.85366677697e-08	-2.81048795348e-12
6.85783060589e-08	7.27815030466e-12
6.86199443481e-08	1.63737513131e-11
6.86615826373e-08	2.19297965204e-11
6.87032209265e-08	2.23021219548e-11
6.87448592157e-08	1.72487493039e-11
6.87864975049e-08	7.91874725514e-12
6.88281357941e-08	-3.41376232837e-12
6.88697740833e-08	-1.40292569228e-11
6.89114123725e-08	-2.14062760573e-11
6.89530506617e-08	-2.3825809381e-11
6.89946889509e-08	-2.08054580508e-11
6.90363272401e-08	-1.32609114661e-11
6.90779655293e-08	-3.2074818062e-12
6.91196038185e-08	6.66303210523e-12
6.91612421077e-08	1.37322262936e-11
6.92028803969e-08	1.61030338369e-11
6.92445186862e-08	1.32192468777e-11
6.92861569754e-08	6.01671490408e-12
6.93277952646e-08	-3.1494444639e-12
6.93694335538e-08	-1.129109653e-11
6.9411071843e-08	-1.54325753565e-11
6.94527101322e-08	-1.37262076705e-11
6.94943484214e-08	-6.09098535498e-12
6.95359867106e-08	5.51985193664e-12
6.95776249998e-08	1.74622191706e-11
6.9619263289e-08	2.5663735026e-11
6.96609015782e-08	2.67867672488e-11
6.97025398674e-08	1.96285782766e-11
6.97441781566e-08	5.85903764741e-12
6.97858164458e-08	-1.05753877877e-11
6.9827454735e-08	-2.43666475885e-11
6.98690930242e-08	-3.09200685888e-11
6.99107313134e-08	-2.79037210005e-11
6.99523696026e-08	-1.63309140516e-11
6.99940078919e-08	-1.54484931791e-13
7.00356461811e-08	1.50377713753e-11
7.00772844703e-08	2.40931562895e-11
7.01189227595e-08	2.43196903588e-11
7.01605610487e-08	1.61846785973e-11
7.02021993379e-08	3.06610639655e-12
7.02438376271e-08	-1.01995287216e-11
7.02854759163e-08	-1.92390929576e-11
7.03271142055e-08	-2.16689825805e-11
7.03687524947e-08	-1.76730019508e-11
7.04103907839e-08	-9.4888125135e-12
7.04520290731e-08	-2.03427552581e-13
7.04936673623e-08	7.4920269641e-12
7.05353056515e-08	1.20790382904e-11
7.05769439407e-08	1.34449751679e-11
7.06185822299e-08	1.22735996713e-11
7.06602205191e-08	9.59220897156e-12
7.07018588083e-08	6.22061039832e-12
7.07434970975e-08	2.72008240584e-12
7.07851353868e-08	-4.77875334789e-13
7.0826773676e-08	-2.86056074661e-12
7.08684119652e-08	-4.04855315939e-12
7.09100502544e-08	-3.7233228653e-12
7.09516885436e-08	-2.12553802684e-12
7.09933268328e-08	2.66149949302e-15
7.1034965122e-08	1.59139238246e-12
7.10766034112e-08	1.68825283614e-12
7.11182417004e-08	-5.76431263832e-14
7.11598799896e-08	-3.21589282981e-12
7.12015182788e-08	-6.55779163611e-12
7.1243156568e-08	-8.82771980515e-12
7.12847948572e-08	-9.10125533965e-12
7.13264331464e-08	-7.32747890142e-12
7.13680714356e-08	-4.24268693094e-12
7.14097097248e-08	-9.11204705439e-13
7.1451348014e-08	1.81487507314e-12
7.14929863032e-08	3.80383094814e-12
7.15346245924e-08	5.37401460138e-12
7.15762628817e-08	7.14301621324e-12
7.16179011709e-08	9.20789746534e-12
7.16595394601e-08	1.08962890794e-11
7.17011777493e-08	1.09044891172e-11
7.17428160385e-08	8.05241290314e-12
7.17844543277e-08	2.08414513946e-12
7.18260926169e-08	-5.83335029586e-12
7.18677309061e-08	-1.31134287457e-11
7.19093691953e-08	-1.69321189014e-11
7.19510074845e-08	-1.52959589439e-11
7.19926457737e-08	-8.13854886261e-12
7.20342840629e-08	2.30347381794e-12
7.20759223521e-08	1.24082272235e-11
7.21175606413e-08	1.84624208283e-11
7.21591989305e-08	1.81546253725e-11
7.22008372197e-08	1.15978043141e-11
7.22424755089e-08	1.16937709516e-12
7.22841137981e-08	-9.38928275407e-12
7.23257520873e-08	-1.65453293427e-11
7.23673903766e-08	-1.81713359637e-11
7.24090286658e-08	-1.4224212086e-11
7.2450666955e-08	-6.59066161021e-12
7.24923052442e-08	1.88209278891e-12
7.25339435334e-08	8.32371671589e-12
7.25755818226e-08	1.08961693834e-11
7.26172201118e-08	9.17864308864e-12
7.2658858401e-08	4.21044232465e-12
7.27004966902e-08	-2.00264414427e-12
7.27421349794e-08	-7.22570657821e-12
7.27837732686e-08	-9.55217415582e-12
7.28254115578e-08	-8.09028191662e-12
7.2867049847e-08	-3.19487231809e-12
7.29086881362e-08	3.6983801438e-12
7.29503264254e-08	1.04956035182e-11
7.29919647146e-08	1.50342273353e-11
7.30336030038e-08	1.58470216116e-11
7.3075241293e-08	1.24779847913e-11
7.31168795823e-08	5.81289096718e-12
7.31585178715e-08	-2.26930822224e-12
7.32001561607e-08	-9.51459050436e-12
7.32417944499e-08	-1.39981446573e-11
7.32834327391e-08	-1.46887901148e-11
7.33250710283e-08	-1.17660256538e-11
7.33667093175e-08	-6.4407064751e-12
7.34083476067e-08	-5.79831321845e-13
7.34499858959e-08	4.11967161773e-12
7.34916241851e-08	6.45000199084e-12
7.35332624743e-08	6.17221898591e-12
7.35749007635e-08	3.90342706075e-12
7.36165390527e-08	8.9099300854e-13
7.36581773419e-08	-1.55103913654e-12
7.36998156311e-08	-2.59662799075e-12
7.37414539203e-08	-2.04476669971e-12
7.37830922095e-08	-5.39778291508e-13
7.38247304987e-08	9.09015050732e-13
7.38663687879e-08	1.2889732684e-12
7.39080070772e-08	1.55195301055e-13
7.39496453664e-08	-2.00010841223e-12
7.39912836556e-08	-4.12156593577e-12
7.40329219448e-08	-4.80984089363e-12
7.4074560234e-08	-3.14903745441e-12
7.41161985232e-08	8.69057430186e-13
7.41578368124e-08	6.13613196712e-12
7.41994751016e-08	1.08745321775e-11
7.42411133908e-08	1.31806865769e-11
7.428275168e-08	1.19071766336e-11
7.43243899692e-08	7.15075871779e-12
7.43660282584e-08	2.83504122955e-13
7.44076665476e-08	-6.55592984414e-12
7.44493048368e-08	-1.10972463857e-11
7.4490943126e-08	-1.19927835024e-11
7.45325814152e-08	-9.20525461412e-12
7.45742197044e-08	-4.17176015954e-12
7.46158579936e-08	9.42181228869e-13
7.46574962828e-08	3.91265232019e-12
7.46991345721e-08	3.51212548627e-12
7.47407728613e-08	-4.70079704329e-14
7.47824111505e-08	-5.24607223981e-12
7.48240494397e-08	-9.80590521976e-12
7.48656877289e-08	-1.15786633753e-11
7.49073260181e-08	-9.48226393238e-12
7.49489643073e-08	-3.66534667201e-12
7.49906025965e-08	4.29711908417e-12
7.50322408857e-08	1.22394143431e-11
7.50738791749e-08	1.78983824289e-11
7.51155174641e-08	1.96618589465e-11
7.51571557533e-08	1.70102421732e-11
7.51987940425e-08	1.04758207317e-11
7.52404323317e-08	1.64431315786e-12
7.52820706209e-08	-7.32986674828e-12
7.53237089101e-08	-1.4156720067e-11
7.53653471993e-08	-1.7019051099e-11
7.54069854885e-08	-1.51863174813e-11
7.54486237777e-08	-9.25628844406e-12
7.5490262067e-08	-1.09628972567e-12
7.55319003562e-08	6.69536908554e-12
7.55735386454e-08	1.15560382444e-11
7.56151769346e-08	1.20708044254e-11
7.56568152238e-08	8.30023116211e-12
7.5698453513e-08	1.88107602411e-12
7.57400918022e-08	-4.79679013524e-12
7.57817300914e-08	-9.36852765504e-12
7.58233683806e-08	-1.06033810204e-11
7.58650066698e-08	-8.7060653825e-12
7.5906644959e-08	-4.99677296067e-12
7.59482832482e-08	-1.23313609757e-12
7.59899215374e-08	1.2833026742e-12
7.60315598266e-08	2.14856474626e-12
7.60731981158e-08	1.89456870331e-12
7.6114836405e-08	1.51219314848e-12
7.61564746942e-08	1.73215088106e-12
7.61981129834e-08	2.76415435679e-12
7.62397512726e-08	4.09398036305e-12
7.62813895619e-08	4.96645216272e-12
7.63230278511e-08	4.88726160236e-12
7.63646661403e-08	3.86017693504e-12
7.64063044295e-08	2.44322791165e-12
7.64479427187e-08	1.402518943e-12
7.64895810079e-08	1.16889180626e-12
7.65312192971e-08	1.66338329829e-12
7.65728575863e-08	2.25569736501e-12
7.66144958755e-08	2.13856623382e-12
7.66561341647e-08	7.3822545299e-13
7.66977724539e-08	-1.90202194272e-12
7.67394107431e-08	-5.26576785648e-12
7.67810490323e-08	-8.48986939778e-12
7.68226873215e-08	-1.07475668989e-11
7.68643256107e-08	-1.15561917674e-11
7.69059638999e-08	-1.06673680306e-11
7.69476021891e-08	-8.08201075508e-12
7.69892404783e-08	-3.80826880447e-12
7.70308787676e-08	1.87557348125e-12
7.70725170568e-08	8.33711572001e-12
7.7114155346e-08	1.4368617407e-11
7.71557936352e-08	1.81932437865e-11
7.71974319244e-08	1.81118869902e-11
7.72390702136e-08	1.31049615604e-11
7.72807085028e-08	3.74877689654e-12
7.7322346792e-08	-7.69800456019e-12
7.73639850812e-08	-1.77219176833e-11
7.74056233704e-08	-2.26744317766e-11
7.74472616596e-08	-2.03676832344e-11
7.74888999488e-08	-1.08990620348e-11
7.7530538238e-08	2.86301798241e-12
7.75721765272e-08	1.63385503044e-11
7.76138148164e-08	2.47785715557e-11
7.76554531056e-08	2.50819677527e-11
7.76970913948e-08	1.70744720446e-11
7.7738729684e-08	3.58079885188e-12
7.77803679732e-08	-1.06727430713e-11
7.78220062625e-08	-2.07538673747e-11
7.78636445517e-08	-2.34062699778e-11
7.79052828409e-08	-1.82295116502e-11
7.79469211301e-08	-7.53338797593e-12
7.79885594193e-08	4.58785787139e-12
7.80301977085e-08	1.38266941299e-11
7.80718359977e-08	1.71988326358e-11
7.81134742869e-08	1.38152492918e-11
7.81551125761e-08	5.2068484073e-12
7.81967508653e-08	-5.63490747119e-12
7.82383891545e-08	-1.50704483615e-11
7.82800274437e-08	-2.01102155761e-11
7.83216657329e-08	-1.91772882296e-11
7.83633040221e-08	-1.23999525925e-11
7.84049423113e-08	-1.62072699011e-12
7.84465806005e-08	1.02860801474e-11
7.84882188897e-08	2.01452934195e-11
7.85298571789e-08	2.53389219329e-11
7.85714954681e-08	2.45140609201e-11
7.86131337574e-08	1.78516472438e-11
7.86547720466e-08	7.1873418675e-12
7.86964103358e-08	-4.68259025305e-12
7.8738048625e-08	-1.46820194891e-11
7.87796869142e-08	-2.02905661023e-11
7.88213252034e-08	-2.04083902555e-11
7.88629634926e-08	-1.54254491125e-11
7.89046017818e-08	-7.18250632581e-12
7.8946240071e-08	1.69132676614e-12
7.89878783602e-08	8.70861889546e-12
7.90295166494e-08	1.21447843102e-11
7.90711549386e-08	1.16112701051e-11
7.91127932278e-08	7.80806148903e-12
7.9154431517e-08	2.39218714282e-12
7.91960698062e-08	-2.93221349978e-12
7.92377080954e-08	-6.78703490978e-12
7.92793463846e-08	-8.63249229044e-12
7.93209846738e-08	-8.56070596356e-12
7.9362622963e-08	-7.15353904585e-12
7.94042612523e-08	-5.00042932408e-12
7.94458995415e-08	-2.39408319558e-12
7.94875378307e-08	5.17516585141e-13
7.95291761199e-08	3.69240402143e-12
7.95708144091e-08	6.87928533583e-12
7.96124526983e-08	9.39168361136e-12
7.96540909875e-08	1.03525087808e-11
7.96957292767e-08	8.94600712953e-12
7.97373675659e-08	5.05482114499e-12
7.97790058551e-08	-5.82144033499e-13
7.98206441443e-08	-6.18315208062e-12
7.98622824335e-08	-9.58310687749e-12
7.99039207227e-08	-9.0365024491e-12
7.99455590119e-08	-4.0345886354e-12
7.99871973011e-08	4.11996565336e-12
8.00288355903e-08	1.24159016401e-11
8.00704738795e-08	1.72664001152e-11
8.01121121687e-08	1.57791071875e-11
8.0153750458e-08	7.23706684858e-12
8.01953887472e-08	-6.33627178503e-12
8.02370270364e-08	-2.06126261892e-11
8.02786653256e-08	-3.05473736584e-11
8.03203036148e-08	-3.22532209274e-11
8.0361941904e-08	-2.45295971035e-11
8.04035801932e-08	-9.49456572391e-12
8.04452184824e-08	8.24761439699e-12
8.04868567716e-08	2.32877866296e-11
8.05284950608e-08	3.1262797906e-11
8.057013335e-08	3.03338604235e-11
8.06117716392e-08	2.15493629885e-11
8.06534099284e-08	8.16839044321e-12
8.06950482176e-08	-5.62629109968e-12
8.07366865068e-08	-1.60237587088e-11
8.0778324796e-08	-2.0664520442e-11
8.08199630852e-08	-1.89103385728e-11
8.08616013744e-08	-1.18124555276e-11
8.09032396636e-08	-1.54354480586e-12
8.09448779529e-08	9.00195629844e-12
8.09865162421e-08	1.69339958722e-11
8.10281545313e-08	1.99898014808e-11
8.10697928205e-08	1.69832290592e-11
8.11114311097e-08	8.44172648451e-12
8.11530693989e-08	-3.46409186058e-12
8.11947076881e-08	-1.52560290789e-11
8.12363459773e-08	-2.3071856925e-11
8.12779842665e-08	-2.41155914682e-11
8.13196225557e-08	-1.7614451564e-11
8.13612608449e-08	-5.48898860392e-12
8.14028991341e-08	8.2983021496e-12
8.14445374233e-08	1.89352648144e-11
8.14861757125e-08	2.26944383425e-11
8.15278140017e-08	1.82539452304e-11
8.15694522909e-08	7.29125093635e-12
8.16110905801e-08	-6.13768497831e-12
8.16527288693e-08	-1.72684661709e-11
8.16943671585e-08	-2.22824241697e-11
8.17360054478e-08	-1.97320736139e-11
8.1777643737e-08	-1.08766858367e-11
8.18192820262e-08	1.05806249179e-12
8.18609203154e-08	1.22363464847e-11
8.19025586046e-08	1.95762139138e-11
8.19441968938e-08	2.161378021e-11
8.1985835183e-08	1.87292750753e-11
8.20274734722e-08	1.24653369224e-11
8.20691117614e-08	4.80837158284e-12
8.21107500506e-08	-2.55975882851e-12
8.21523883398e-08	-8.5501163441e-12
8.2194026629e-08	-1.26432831218e-11
8.22356649182e-08	-1.46100683635e-11
8.22773032074e-08	-1.43078569825e-11
8.23189414966e-08	-1.16886344353e-11
8.23605797858e-08	-7.08616238604e-12
8.2402218075e-08	-1.28386092989e-12
8.24438563642e-08	4.42233185835e-12
8.24854946534e-08	8.5808010003e-12
8.25271329427e-08	1.00810332304e-11
8.25687712319e-08	8.5370408659e-12
8.26104095211e-08	4.59170548806e-12
8.26520478103e-08	-4.80108140744e-13
8.26936860995e-08	-5.04247598537e-12
8.27353243887e-08	-7.76746462289e-12
8.27769626779e-08	-7.95576018259e-12
8.28186009671e-08	-5.63771945794e-12
8.28602392563e-08	-1.53265768132e-12
8.29018775455e-08	3.31150037947e-12
8.29435158347e-08	7.67642720223e-12
8.29851541239e-08	1.04738344733e-11
8.30267924131e-08	1.08076663938e-11
8.30684307023e-08	8.31801207773e-12
8.31100689915e-08	3.21851833379e-12
8.31517072807e-08	-3.41746444511e-12
8.31933455699e-08	-9.78595676715e-12
8.32349838591e-08	-1.38046926321e-11
8.32766221483e-08	-1.36897958247e-11
8.33182604376e-08	-8.86883969042e-12
8.33598987268e-08	-2.06673111784e-13
8.3401537016e-08	9.79623240166e-12
8.34431753052e-08	1.78854743516e-11
8.34848135944e-08	2.11260054589e-11
8.35264518836e-08	1.7795273935e-11
8.35680901728e-08	8.29734891905e-12
8.3609728462e-08	-4.93291778952e-12
8.36513667512e-08	-1.80719519211e-11
8.36930050404e-08	-2.71105117522e-11
8.37346433296e-08	-2.91038269873e-11
8.37762816188e-08	-2.31511112364e-11
8.3817919908e-08	-1.08591685991e-11
8.38595581972e-08	4.27884030291e-12
8.39011964864e-08	1.77945366775e-11
8.39428347756e-08	2.5709436316e-11
8.39844730648e-08	2.58342618131e-11
8.4026111354e-08	1.85008085241e-11
8.40677496433e-08	6.4078317305e-12
8.41093879325e-08	-6.22963659824e-12
8.41510262217e-08	-1.5194756911e-11
8.41926645109e-08	-1.7639827099e-11
8.42343028001e-08	-1.3128940643e-11
8.42759410893e-08	-3.62730418618e-12
8.43175793785e-08	7.15013334998e-12
8.43592176677e-08	1.52289448413e-11
8.44008559569e-08	1.77303033366e-11
8.44424942461e-08	1.38841455694e-11
8.44841325353e-08	5.1790811223e-12
8.45257708245e-08	-5.2646498272e-12
8.45674091137e-08	-1.39543394201e-11
8.46090474029e-08	-1.8283695738e-11
8.46506856921e-08	-1.71805104865e-11
8.46923239813e-08	-1.14640102966e-11
8.47339622705e-08	-3.27146556373e-12
8.47756005597e-08	4.82886387126e-12
8.48172388489e-08	1.05231596007e-11
8.48588771382e-08	1.25044826924e-11
8.49005154274e-08	1.05488257018e-11
8.49421537166e-08	5.60116016068e-12
8.49837920058e-08	-7.38071496281e-13
8.5025430295e-08	-6.57613026533e-12
8.50670685842e-08	-1.02716489828e-11
8.51087068734e-08	-1.0886486157e-11
8.51503451626e-08	-8.37344603377e-12
8.51919834518e-08	-3.6318647742e-12
8.5233621741e-08	1.88373969201e-12
8.52752600302e-08	6.55902242241e-12
8.53168983194e-08	9.34747418357e-12
8.53585366086e-08	1.0008384746e-11
8.54001748978e-08	9.09020254902e-12
8.5441813187e-08	7.54191414182e-12
8.54834514762e-08	6.14925037973e-12
8.55250897654e-08	5.05924642458e-12
8.55667280546e-08	3.76600226698e-12
8.56083663438e-08	1.50071274851e-12
8.56500046331e-08	-2.26269697423e-12
8.56916429223e-08	-7.22572609385e-12
8.57332812115e-08	-1.21634195771e-11
8.57749195007e-08	-1.54009617559e-11
8.58165577899e-08	-1.5427704253e-11
8.58581960791e-08	-1.17511746861e-11
8.58998343683e-08	-5.25161684972e-12
8.59414726575e-08	2.12721767284e-12
8.59831109467e-08	7.91602026984e-12
8.60247492359e-08	1.03142078212e-11
8.60663875251e-08	8.76443622538e-12
8.61080258143e-08	4.30769872897e-12
8.61496641035e-08	-9.52030121404e-13
8.61913023927e-08	-4.67904187618e-12
8.62329406819e-08	-5.21566297096e-12
8.62745789711e-08	-2.25490806582e-12
8.63162172603e-08	3.05448201454e-12
8.63578555495e-08	8.68770506923e-12
8.63994938387e-08	1.24335654619e-11
8.6441132128e-08	1.28384655337e-11
8.64827704172e-08	9.49495950614e-12
8.65244087064e-08	3.30861293224e-12
8.65660469956e-08	-4.07540754616e-12
8.66076852848e-08	-1.06691504589e-11
8.6649323574e-08	-1.46700290804e-11
8.66909618632e-08	-1.4990592101e-11
8.67326001524e-08	-1.14020390352e-11
8.67742384416e-08	-4.69702401973e-12
8.68158767308e-08	3.42118954694e-12
8.685751502e-08	1.0669184286e-11
8.68991533092e-08	1.47632513853e-11
8.69407915984e-08	1.40968469536e-11
8.69824298876e-08	8.49399890701e-12
8.70240681768e-08	-5.28364678398e-13
8.7065706466e-08	-1.01624091087e-11
8.71073447552e-08	-1.70336123678e-11
8.71489830444e-08	-1.86913054478e-11
8.71906213337e-08	-1.44589271112e-11
8.72322596229e-08	-5.88749925548e-12
8.72738979121e-08	3.85418086335e-12
8.73155362013e-08	1.13110345742e-11
8.73571744905e-08	1.4101123047e-11
8.73988127797e-08	1.19907798968e-11
8.74404510689e-08	6.75872812578e-12
8.74820893581e-08	1.29843705232e-12
8.75237276473e-08	-1.73707402629e-12
8.75653659365e-08	-1.22074572673e-12
8.76070042257e-08	1.99959059727e-12
8.76486425149e-08	5.70863625468e-12
8.76902808041e-08	7.4374716455e-12
8.77319190933e-08	5.74916026244e-12
8.77735573825e-08	8.92699109079e-13
8.78151956717e-08	-5.32357231214e-12
8.78568339609e-08	-1.04705029369e-11
8.78984722501e-08	-1.26342313347e-11
8.79401105393e-08	-1.11513376658e-11
8.79817488286e-08	-6.86952621523e-12
8.80233871178e-08	-1.5518974994e-12
8.8065025407e-08	2.86828026608e-12
8.81066636962e-08	5.08494982232e-12
8.81483019854e-08	4.76356410914e-12
8.81899402746e-08	2.61967444265e-12
8.82315785638e-08	-1.15132296058e-13
8.8273216853e-08	-2.16423298553e-12
8.83148551422e-08	-2.61014517292e-12
8.83564934314e-08	-1.29080426903e-12
8.83981317206e-08	1.37826382252e-12
8.84397700098e-08	4.36107833873e-12
8.8481408299e-08	6.56126108306e-12
8.85230465882e-08	6.97734231503e-12
8.85646848774e-08	5.15045298077e-12
8.86063231666e-08	1.36285557492e-12
8.86479614558e-08	-3.53764630437e-12
8.8689599745e-08	-8.04883243388e-12
8.87312380342e-08	-1.06892914659e-11
8.87728763235e-08	-1.0224713437e-11
8.88145146127e-08	-6.2847097318e-12
8.88561529019e-08	5.13061164734e-13
8.88977911911e-08	8.47820078032e-12
8.89394294803e-08	1.5259623426e-11
8.89810677695e-08	1.85963622973e-11
8.90227060587e-08	1.69156962743e-11
8.90643443479e-08	1.00808389414e-11
8.91059826371e-08	-4.12430506413e-13
8.91476209263e-08	-1.17301064695e-11
8.91892592155e-08	-2.05918268548e-11
8.92308975047e-08	-2.41936991274e-11
8.92725357939e-08	-2.13043974823e-11
8.93141740831e-08	-1.27744594416e-11
8.93558123723e-08	-1.31006566272e-12
8.93974506615e-08	9.42890036881e-12
8.94390889507e-08	1.60451357062e-11
8.94807272399e-08	1.66987482869e-11
8.95223655291e-08	1.17228093552e-11
8.95640038184e-08	3.4596483664e-12
8.96056421076e-08	-4.70820171045e-12
8.96472803968e-08	-9.57721662392e-12
8.9688918686e-08	-9.4658421726e-12
8.97305569752e-08	-4.68305862839e-12
8.97721952644e-08	2.65571635863e-12
8.98138335536e-08	9.54513551532e-12
8.98554718428e-08	1.33489469478e-11
8.9897110132e-08	1.27855243753e-11
8.99387484212e-08	8.23779065795e-12
8.99803867104e-08	1.55411046445e-12
9.00220249996e-08	-4.96859411253e-12
9.00636632888e-08	-9.4396617259e-12
9.0105301578e-08	-1.10290891003e-11
9.01469398672e-08	-9.96152466071e-12
9.01885781564e-08	-7.20932341602e-12
9.02302164456e-08	-3.86421450393e-12
9.02718547348e-08	-6.32756000374e-13
9.0313493024e-08	2.18751579351e-12
9.03551313133e-08	4.50995664425e-12
9.03967696025e-08	6.19207940131e-12
9.04384078917e-08	6.79874342588e-12
9.04800461809e-08	5.75906943662e-12
9.05216844701e-08	2.76118971437e-12
9.05633227593e-08	-1.82432389507e-12
9.06049610485e-08	-6.95032963474e-12
9.06465993377e-08	-1.10007298409e-11
9.06882376269e-08	-1.25048157593e-11
9.07298759161e-08	-1.06497068109e-11
9.07715142053e-08	-5.74396346459e-12
9.08131524945e-08	9.12716083268e-13
9.08547907837e-08	7.6156476958e-12
9.08964290729e-08	1.27246668064e-11
9.09380673621e-08	1.53885237886e-11
9.09797056513e-08	1.54083568821e-11
9.10213439405e-08	1.32190499866e-11
9.10629822297e-08	9.35121338003e-12
9.1104620519e-08	4.19953481712e-12
9.11462588082e-08	-1.79539022538e-12
9.11878970974e-08	-8.05885826821e-12
9.12295353866e-08	-1.34389669532e-11
9.12711736758e-08	-1.64638788713e-11
9.1312811965e-08	-1.57176181792e-11
9.13544502542e-08	-1.07226050955e-11
9.13960885434e-08	-2.55712790352e-12
9.14377268326e-08	6.16911773402e-12
9.14793651218e-08	1.21747603318e-11
9.1521003411e-08	1.27233380082e-11
9.15626417002e-08	7.06494194744e-12
9.16042799894e-08	-2.94590437114e-12
9.16459182786e-08	-1.33888022197e-11
9.16875565678e-08	-1.9700298684e-11
9.1729194857e-08	-1.85794418045e-11
9.17708331462e-08	-9.52842405672e-12
9.18124714354e-08	4.77263801396e-12
9.18541097246e-08	1.94045855773e-11
9.18957480139e-08	2.90153682331e-11
9.19373863031e-08	2.99138908089e-11
9.19790245923e-08	2.14999285736e-11
9.20206628815e-08	6.45049551967e-12
9.20623011707e-08	-1.0272541498e-11
9.21039394599e-08	-2.33168571256e-11
9.21455777491e-08	-2.8697010046e-11
9.21872160383e-08	-2.51345541602e-11
9.22288543275e-08	-1.41680894447e-11
9.22704926167e-08	4.79377388479e-13
9.23121309059e-08	1.43092742516e-11
9.23537691951e-08	2.3337286964e-11
9.23954074843e-08	2.52077438784e-11
9.24370457735e-08	1.96578794909e-11
9.24786840627e-08	8.44375090681e-12
9.25203223519e-08	-5.11542891379e-12
9.25619606411e-08	-1.7232864441e-11
9.26035989303e-08	-2.4532298068e-11
9.26452372195e-08	-2.50794940371e-11
9.26868755088e-08	-1.89844147347e-11
9.2728513798e-08	-8.28707068246e-12
9.27701520872e-08	3.67923963865e-12
9.28117903764e-08	1.33409836997e-11
9.28534286656e-08	1.80381334869e-11
9.28950669548e-08	1.69492059277e-11
9.2936705244e-08	1.11033968478e-11
9.29783435332e-08	2.95027977743e-12
9.30199818224e-08	-4.58265109887e-12
9.30616201116e-08	-9.10202989368e-12
9.31032584008e-08	-9.43643774232e-12
9.314489669e-08	-5.92132896535e-12
9.31865349792e-08	-4.58313942353e-14
9.32281732684e-08	6.12690063614e-12
9.32698115576e-08	1.06033549996e-11
9.33114498468e-08	1.21511559495e-11
9.3353088136e-08	1.0411407847e-11
9.33947264252e-08	5.973616133e-12
9.34363647144e-08	4.27301423411e-14
9.34780030037e-08	-5.91895239418e-12
9.35196412929e-08	-1.06604829131e-11
9.35612795821e-08	-1.33954765683e-11
9.36029178713e-08	-1.37771634379e-11
9.36445561605e-08	-1.19782361113e-11
9.36861944497e-08	-8.32260128869e-12
