% time-domain current integration by openEMS v0.0.35-98-gb49bd2a @Fri Aug 18 23:38:40 2023
% start-coordinates: (0.0188008,0.00763,0.00119278) m -> [145,57,22]
% stop-coordinates: (0.019,0.00828,0.00119278) m -> [146,68,22]
% t/s	current
4.98874104918e-14	-0
4.16559877607e-11	2.08863484776e-14
8.32620881108e-11	-5.42234356374e-12
1.24868188461e-10	-2.21018212412e-12
1.66474288811e-10	4.9820533983e-12
2.08080389161e-10	2.78753474296e-12
2.49686489512e-10	-9.9608397973e-14
2.91292589862e-10	-6.7091414889e-12
3.32898690212e-10	-1.22334885277e-11
3.74504790562e-10	-3.10960944494e-11
4.16110890912e-10	-4.76706209229e-11
4.57716991262e-10	-5.5352500361e-11
4.99323091613e-10	-4.47606812726e-11
5.40929191963e-10	1.63523344171e-11
5.82535292313e-10	1.54569620991e-10
6.24141392663e-10	3.56889545694e-10
6.65747493013e-10	5.7068993975e-10
7.07353593364e-10	6.99613811328e-10
7.48959693714e-10	5.97524696389e-10
7.90565794064e-10	1.59763258178e-10
8.32171894414e-10	-6.17570383721e-10
8.73777994764e-10	-1.55617885245e-09
9.15384095114e-10	-2.3127753046e-09
9.56990195465e-10	-2.49783838058e-09
9.98596295815e-10	-1.86153981119e-09
1.04020239616e-09	-4.35892461015e-10
1.08180849652e-09	1.37780664655e-09
1.12341459687e-09	2.97439273211e-09
1.16502069722e-09	3.77190101375e-09
1.20662679757e-09	3.48466722144e-09
1.24823289792e-09	2.22521778781e-09
1.28983899827e-09	4.51740672647e-10
1.33144509862e-09	-1.24961552217e-09
1.37305119897e-09	-2.41390241129e-09
1.41465729932e-09	-2.83383339017e-09
1.45626339967e-09	-2.55379428715e-09
1.49786950002e-09	-1.7914870698e-09
1.53947560037e-09	-8.27326429587e-10
1.58108170072e-09	9.61299928548e-11
1.62268780107e-09	8.11316069882e-10
1.66429390142e-09	1.239230496e-09
1.70590000177e-09	1.36216637969e-09
