% time-domain voltage integration by openEMS v0.0.35-98-gb49bd2a @Sat Jul 15 03:30:03 2023
% start-coordinates: (0.0432,0.03906,0.00139497) m -> [156,35,16]
% stop-coordinates: (0.0432,0.03906,0.00119278) m -> [156,35,14]
% t/s	voltage
0	-0
4.16359279358e-11	1.09814664306e-10
8.32718558715e-11	-5.13329231552e-11
1.24907783807e-10	2.29797750273e-10
1.66543711743e-10	-1.0402855799e-09
2.08179639679e-10	-3.31037489087e-10
2.49815567615e-10	4.49616843756e-10
2.9145149555e-10	1.7200538216e-09
3.33087423486e-10	4.53942017309e-09
3.74723351422e-10	7.93199905758e-09
4.16359279358e-10	1.2573564856e-08
4.57995207293e-10	1.36960363051e-08
4.99631135229e-10	6.48263620562e-09
5.41267063165e-10	-1.4488617861e-08
5.82902991101e-10	-5.26581711568e-08
6.24538919036e-10	-1.03969302501e-07
6.66174846972e-10	-1.51976777829e-07
7.07810774908e-10	-1.67500502357e-07
7.49446702844e-10	-1.17991266535e-07
7.91082630779e-10	1.71935701232e-08
8.32718558715e-10	2.26476231546e-07
8.74354486651e-10	4.54900416003e-07
9.15990414587e-10	6.12426987345e-07
9.57626342523e-10	6.05497888273e-07
9.99262270458e-10	3.82557288958e-07
1.04089819839e-09	-2.7572764516e-08
1.08253412633e-09	-5.09153437633e-07
1.12417005427e-09	-8.96742108125e-07
1.1658059822e-09	-1.04069442841e-06
1.20744191014e-09	-8.74711417964e-07
1.24907783807e-09	-4.48097480898e-07
1.29071376601e-09	9.28683867585e-08
1.33234969394e-09	5.66158092852e-07
1.37398562188e-09	8.27965465078e-07
1.41562154982e-09	8.23718636411e-07
1.45725747775e-09	5.9745863723e-07
1.49889340569e-09	2.60137525743e-07
1.54052933362e-09	-6.24313010178e-08
1.58216526156e-09	-2.77194970977e-07
1.62380118949e-09	-3.4974590335e-07
1.66543711743e-09	-3.01750674225e-07
1.70707304537e-09	-1.89042175691e-07
1.7487089733e-09	-7.22169950507e-08
1.79034490124e-09	7.38256811239e-09
1.83198082917e-09	3.71676094346e-08
1.87361675711e-09	2.90877846254e-08
1.91525268505e-09	6.51349996161e-09
1.95688861298e-09	-1.01516453022e-08
1.99852454092e-09	-1.18318275177e-08
2.04016046885e-09	-1.1569153413e-09
2.08179639679e-09	1.24475736385e-08
2.12343232472e-09	1.9995278322e-08
2.16506825266e-09	1.84274950854e-08
2.2067041806e-09	9.55243173451e-09
2.24834010853e-09	1.22115470513e-10
2.28997603647e-09	-3.71605912708e-09
2.3316119644e-09	1.68868953543e-10
