% time-domain current integration by openEMS v0.0.35-98-gb49bd2a @Sat Jul 22 04:20:46 2023
% start-coordinates: (0.0155587,0.013622,0.00129388) m -> [156,57,15]
% stop-coordinates: (0.0155587,0.01393,0.00139497) m -> [156,64,16]
% t/s	current
2.69036143405e-14	0
4.16736986134e-11	1.05761982505e-10
8.33204936125e-11	2.49996801038e-10
1.24967288612e-10	1.1673900735e-10
1.66614083611e-10	-2.85802520539e-10
2.0826087861e-10	-1.40348310751e-09
2.49907673609e-10	-3.47024586844e-09
2.91554468608e-10	-6.5757133072e-09
3.33201263607e-10	-9.95356330691e-09
3.74848058606e-10	-1.15676552781e-08
4.16494853605e-10	-7.93333043703e-09
4.58141648604e-10	5.13817965953e-09
4.99788443604e-10	3.05695166958e-08
5.41435238603e-10	6.70142057402e-08
5.83082033602e-10	1.06105630948e-07
6.24728828601e-10	1.31876760179e-07
6.663756236e-10	1.24404238022e-07
7.08022418599e-10	6.78009115518e-08
7.49669213598e-10	-3.98426891479e-08
7.91316008597e-10	-1.79374112008e-07
8.32962803596e-10	-3.11627445626e-07
8.74609598595e-10	-3.88798468975e-07
9.16256393595e-10	-3.73095815576e-07
9.57903188594e-10	-2.54715331494e-07
9.99549983593e-10	-5.99342584451e-08
1.04119677859e-09	1.55934628765e-07
1.08284357359e-09	3.28701872832e-07
1.12449036859e-09	4.09640222188e-07
1.16613716359e-09	3.82960820389e-07
1.20778395859e-09	2.68957478511e-07
1.24943075359e-09	1.12662796425e-07
1.29107754859e-09	-3.54607223585e-08
1.33272434359e-09	-1.37597155003e-07
1.37437113858e-09	-1.7834962307e-07
1.41601793358e-09	-1.64235373745e-07
1.45766472858e-09	-1.15632921904e-07
1.49931152358e-09	-5.6283834482e-08
1.54095831858e-09	-4.8792418994e-09
1.58260511358e-09	2.88572117313e-08
1.62425190858e-09	4.37896474637e-08
1.66589870358e-09	4.42729621852e-08
1.70754549858e-09	3.64512189321e-08
1.74919229358e-09	2.54864644944e-08
1.79083908858e-09	1.44265008828e-08
1.83248588357e-09	4.48913883844e-09
1.87413267857e-09	-3.95344867954e-09
1.91577947357e-09	-1.04781978649e-08
1.95742626857e-09	-1.43515013207e-08
1.99907306357e-09	-1.47775018888e-08
2.04071985857e-09	-1.18790914883e-08
2.08236665357e-09	-6.35698649276e-09
2.12401344857e-09	-9.23483511883e-12
2.16566024357e-09	5.23015764031e-09
2.20730703857e-09	7.90930254624e-09
2.24895383357e-09	7.56677831504e-09
2.29060062856e-09	4.74613592871e-09
2.33224742356e-09	6.73084865621e-10
2.37389421856e-09	-3.25766258413e-09
2.41554101356e-09	-5.97063554153e-09
2.45718780856e-09	-6.90690482585e-09
2.49883460356e-09	-6.03764060969e-09
2.54048139856e-09	-3.73197917014e-09
2.58212819356e-09	-6.23747442585e-10
2.62377498856e-09	2.52731724437e-09
2.66542178356e-09	4.97826713186e-09
2.70706857856e-09	6.15333828335e-09
2.74871537356e-09	5.77292746939e-09
2.79036216855e-09	3.95402999231e-09
2.83200896355e-09	1.18859877496e-09
2.87365575855e-09	-1.77267889256e-09
2.91530255355e-09	-4.14813294825e-09
2.95694934855e-09	-5.34292610155e-09
2.99859614355e-09	-5.10545072885e-09
3.04024293855e-09	-3.57719742716e-09
3.08188973355e-09	-1.21311272139e-09
3.12353652855e-09	1.35072730778e-09
3.16518332355e-09	3.47088380259e-09
3.20683011855e-09	4.63562743747e-09
3.24847691354e-09	4.58918947288e-09
3.29012370854e-09	3.3699976143e-09
3.33177050354e-09	1.30586097491e-09
3.37341729854e-09	-1.059697885e-09
3.41506409354e-09	-3.10415737559e-09
3.45671088854e-09	-4.28424318244e-09
3.49835768354e-09	-4.29562607707e-09
3.54000447854e-09	-3.15341530666e-09
3.58165127354e-09	-1.19875886995e-09
3.62329806854e-09	1.00826480498e-09
3.66494486354e-09	2.84355627933e-09
3.70659165853e-09	3.82080012074e-09
3.74823845353e-09	3.71285069356e-09
3.78988524853e-09	2.61565613613e-09
3.83153204353e-09	8.91220264254e-10
3.87317883853e-09	-9.53941925452e-10
3.91482563353e-09	-2.4203101745e-09
3.95647242853e-09	-3.15333492651e-09
3.99811922353e-09	-3.01595015628e-09
4.03976601853e-09	-2.11077044732e-09
4.08141281353e-09	-7.23505588773e-10
4.12305960853e-09	7.64791840968e-10
4.16470640352e-09	1.97972260807e-09
4.20635319852e-09	2.64401656125e-09
4.24799999352e-09	2.62401456119e-09
4.28964678852e-09	1.96052485357e-09
4.33129358352e-09	8.35398084043e-10
4.37294037852e-09	-4.63685034813e-10
4.41458717352e-09	-1.62171609475e-09
4.45623396852e-09	-2.35954966676e-09
4.49788076352e-09	-2.50378007216e-09
4.53952755852e-09	-2.02236338787e-09
4.58117435352e-09	-1.03644071103e-09
4.62282114851e-09	2.0411040913e-10
4.66446794351e-09	1.37933453548e-09
4.70611473851e-09	2.18315410194e-09
4.74776153351e-09	2.398404364e-09
4.78940832851e-09	1.96674942998e-09
4.83105512351e-09	1.00500474609e-09
4.87270191851e-09	-2.16732964908e-10
4.91434871351e-09	-1.35739941509e-09
4.95599550851e-09	-2.09619699376e-09
4.99764230351e-09	-2.22564944252e-09
5.03928909851e-09	-1.72016445532e-09
5.0809358935e-09	-7.36496308384e-10
5.1225826885e-09	4.31133073686e-10
5.1642294835e-09	1.44160361426e-09
5.2058762785e-09	2.01338190564e-09
5.2475230735e-09	2.00083594137e-09
5.2891698685e-09	1.43432210553e-09
5.3308166635e-09	5.02684560644e-10
5.3724634585e-09	-5.10881725813e-10
5.4141102535e-09	-1.31905397716e-09
5.4557570485e-09	-1.7175334488e-09
5.4974038435e-09	-1.63127356068e-09
5.53905063849e-09	-1.13362830234e-09
5.58069743349e-09	-3.97396782148e-10
5.62234422849e-09	3.60906748931e-10
5.66399102349e-09	9.47568024046e-10
5.70563781849e-09	1.24477528285e-09
5.74728461349e-09	1.21422494281e-09
5.78893140849e-09	9.03673469388e-10
5.83057820349e-09	4.08241190852e-10
5.87222499849e-09	-1.45567974341e-10
5.91387179349e-09	-6.35488328626e-10
5.95551858849e-09	-9.6059893373e-10
5.99716538349e-09	-1.05262010219e-09
6.03881217848e-09	-8.98130569915e-10
6.08045897348e-09	-5.27827448416e-10
6.12210576848e-09	-2.36980747526e-11
6.16375256348e-09	4.99443819635e-10
6.20539935848e-09	9.14898046211e-10
6.24704615348e-09	1.1126511934e-09
6.28869294848e-09	1.03304576005e-09
6.33033974348e-09	6.81028788918e-10
6.37198653848e-09	1.41806622e-10
6.41363333348e-09	-4.42353598196e-10
6.45528012848e-09	-9.06545838397e-10
6.49692692347e-09	-1.1118332921e-09
6.53857371847e-09	-9.94262339127e-10
6.58022051347e-09	-5.91128979099e-10
6.62186730847e-09	-3.44139890196e-11
6.66351410347e-09	4.95873675455e-10
6.70516089847e-09	8.32402424766e-10
6.74680769347e-09	8.76264616423e-10
6.78845448847e-09	6.33157526408e-10
6.83010128347e-09	2.03133038168e-10
6.87174807847e-09	-2.54626708607e-10
6.91339487347e-09	-5.86420800808e-10
6.95504166846e-09	-6.93676449615e-10
6.99668846346e-09	-5.68085356534e-10
7.03833525846e-09	-2.79463480135e-10
7.07998205346e-09	5.65106607342e-11
7.12162884846e-09	3.28655741511e-10
7.16327564346e-09	4.66019112189e-10
7.20492243846e-09	4.61689769748e-10
7.24656923346e-09	3.56742801966e-10
7.28821602846e-09	2.12861978044e-10
7.32986282346e-09	7.99815214059e-11
7.37150961846e-09	-2.49613454906e-11
7.41315641345e-09	-1.14603042334e-10
7.45480320845e-09	-2.1008222939e-10
7.49645000345e-09	-3.10570263951e-10
7.53809679845e-09	-3.87585324946e-10
7.57974359345e-09	-3.90125903804e-10
7.62139038845e-09	-2.76374922947e-10
7.66303718345e-09	-4.59251595086e-11
7.70468397845e-09	2.48228076982e-10
7.74633077345e-09	5.08173059188e-10
7.78797756845e-09	6.32781937959e-10
7.82962436345e-09	5.53950940674e-10
7.87127115844e-09	2.75968942143e-10
7.91291795344e-09	-1.24292742765e-10
7.95456474844e-09	-5.20605059062e-10
7.99621154344e-09	-7.7769435336e-10
8.03785833844e-09	-8.05341293653e-10
8.07950513344e-09	-5.84490178479e-10
8.12115192844e-09	-1.80524969973e-10
8.16279872344e-09	2.82350587355e-10
8.20444551844e-09	6.58206988913e-10
8.24609231344e-09	8.3134321649e-10
8.28773910844e-09	7.5563755253e-10
8.32938590343e-09	4.66169103319e-10
8.37103269843e-09	7.12633840827e-11
8.41267949343e-09	-2.94979846105e-10
8.45432628843e-09	-5.16902021186e-10
8.49597308343e-09	-5.40369082813e-10
8.53761987843e-09	-3.88020199305e-10
8.57926667343e-09	-1.3990618386e-10
8.62091346843e-09	1.01293244625e-10
8.66256026343e-09	2.50937909341e-10
8.70420705843e-09	2.74003542078e-10
8.74585385343e-09	1.8747080277e-10
8.78750064842e-09	4.69130914671e-11
8.82914744342e-09	-8.61746438097e-11
8.87079423842e-09	-1.65498073579e-10
8.91244103342e-09	-1.79243259124e-10
8.95408782842e-09	-1.45160980458e-10
8.99573462342e-09	-9.29122195847e-11
9.03738141842e-09	-5.1335907747e-11
9.07902821342e-09	-2.80704418043e-11
9.12067500842e-09	-1.14801189388e-11
9.16232180342e-09	1.84880756537e-11
9.20396859842e-09	7.66275723429e-11
9.24561539342e-09	1.55453705464e-10
9.28726218841e-09	2.2342946937e-10
9.32890898341e-09	2.40266084806e-10
9.37055577841e-09	1.76782880001e-10
9.41220257341e-09	3.87028395443e-11
9.45384936841e-09	-1.31626792799e-10
9.49549616341e-09	-2.62777827276e-10
9.53714295841e-09	-2.93363111581e-10
9.57878975341e-09	-1.96358540538e-10
9.62043654841e-09	2.64126264263e-12
9.66208334341e-09	2.27083005178e-10
9.70373013841e-09	3.85155407567e-10
9.7453769334e-09	4.02319011439e-10
9.7870237284e-09	2.58800425534e-10
9.8286705234e-09	-3.04779465554e-12
9.8703173184e-09	-2.89530677211e-10
9.9119641134e-09	-4.95049667926e-10
9.9536109084e-09	-5.455003671e-10
9.9952577034e-09	-4.21934320816e-10
1.00369044984e-08	-1.74859265956e-10
1.00785512934e-08	1.03598019052e-10
1.01201980884e-08	3.12091824606e-10
1.01618448834e-08	3.83203552223e-10
1.02034916784e-08	3.08877312616e-10
1.02451384734e-08	1.4112139235e-10
1.02867852684e-08	-3.04891181746e-11
1.03284320634e-08	-1.25832788633e-10
1.03700788584e-08	-1.05776665205e-10
1.04117256534e-08	6.44067958688e-12
1.04533724484e-08	1.40788505854e-10
1.04950192434e-08	2.17178511286e-10
1.05366660384e-08	1.8513336697e-10
1.05783128334e-08	5.10738014381e-11
1.06199596284e-08	-1.25725707623e-10
1.06616064234e-08	-2.6081600768e-10
1.07032532184e-08	-2.88125245884e-10
1.07449000134e-08	-1.92709043167e-10
1.07865468084e-08	-1.53173220635e-11
1.08281936034e-08	1.64023128413e-10
1.08698403984e-08	2.65479305206e-10
1.09114871934e-08	2.42899894642e-10
1.09531339884e-08	1.05192243804e-10
1.09947807834e-08	-8.97975305225e-11
1.10364275784e-08	-2.6133964437e-10
1.10780743734e-08	-3.38576194858e-10
1.11197211684e-08	-2.91295987331e-10
1.11613679634e-08	-1.40797956627e-10
1.12030147584e-08	5.21976697976e-11
1.12446615534e-08	2.10886114127e-10
1.12863083484e-08	2.79441858542e-10
1.13279551434e-08	2.39055580886e-10
1.13696019384e-08	1.18111492808e-10
1.14112487334e-08	-2.68385227237e-11
1.14528955284e-08	-1.34666944263e-10
1.14945423234e-08	-1.63517754892e-10
1.15361891184e-08	-1.09405991211e-10
1.15778359134e-08	-5.07545394601e-14
1.16194827084e-08	1.18000290095e-10
1.16611295034e-08	1.97857688566e-10
1.17027762984e-08	2.12220227502e-10
1.17444230934e-08	1.58706325859e-10
1.17860698884e-08	5.91517113069e-11
1.18277166834e-08	-5.14486474257e-11
1.18693634784e-08	-1.39930719789e-10
1.19110102734e-08	-1.83787249308e-10
1.19526570684e-08	-1.80263817762e-10
1.19943038634e-08	-1.39926167875e-10
1.20359506584e-08	-8.67278193706e-11
1.20775974534e-08	-4.02841648928e-11
1.21192442484e-08	-1.16117098575e-11
1.21608910434e-08	3.54399148916e-12
1.22025378384e-08	1.74974635475e-11
1.22441846334e-08	3.98037436344e-11
1.22858314283e-08	6.97305616026e-11
1.23274782233e-08	9.05278907393e-11
1.23691250183e-08	8.3887910507e-11
1.24107718133e-08	3.93316004765e-11
1.24524186083e-08	-3.30098448575e-11
1.24940654033e-08	-1.01365138505e-10
1.25357121983e-08	-1.2569567609e-10
1.25773589933e-08	-7.83130504889e-11
1.26190057883e-08	3.70625752311e-11
1.26606525833e-08	1.82003523364e-10
1.27022993783e-08	2.9539717894e-10
1.27439461733e-08	3.20518556141e-10
1.27855929683e-08	2.31064140044e-10
1.28272397633e-08	4.65350882828e-11
1.28688865583e-08	-1.73505543266e-10
1.29105333533e-08	-3.48607587242e-10
1.29521801483e-08	-4.11968958947e-10
1.29938269433e-08	-3.35377531302e-10
1.30354737383e-08	-1.45278858388e-10
1.30771205333e-08	8.48991987823e-11
1.31187673283e-08	2.63782717891e-10
1.31604141233e-08	3.18669729493e-10
1.32020609183e-08	2.2914145581e-10
1.32437077133e-08	3.40236588903e-11
1.32853545083e-08	-1.79236819831e-10
1.33270013033e-08	-3.16352166685e-10
1.33686480983e-08	-3.14610226759e-10
1.34102948933e-08	-1.72828862333e-10
1.34519416883e-08	4.72505298776e-11
1.34935884833e-08	2.50835768822e-10
1.35352352783e-08	3.5014738331e-10
1.35768820733e-08	3.06637465419e-10
1.36185288683e-08	1.44074766006e-10
1.36601756633e-08	-6.22170162612e-11
1.37018224583e-08	-2.2103682773e-10
1.37434692533e-08	-2.65708843816e-10
1.37851160483e-08	-1.81386294873e-10
1.38267628433e-08	-9.64280651855e-12
1.38684096383e-08	1.721528059e-10
1.39100564333e-08	2.84550910612e-10
1.39517032283e-08	2.78968570466e-10
1.39933500233e-08	1.59467328231e-10
1.40349968183e-08	-2.35701007323e-11
1.40766436133e-08	-1.94089508354e-10
1.41182904083e-08	-2.84405415885e-10
1.41599372033e-08	-2.6559665578e-10
1.42015839983e-08	-1.57293789105e-10
1.42432307933e-08	-1.86579120209e-11
1.42848775883e-08	8.42911296317e-11
1.43265243833e-08	1.05680027229e-10
1.43681711783e-08	4.47083134403e-11
1.44098179733e-08	-5.71022534812e-11
1.44514647683e-08	-1.39422445811e-10
1.44931115633e-08	-1.50488788098e-10
1.45347583583e-08	-7.50320083842e-11
1.45764051533e-08	6.15799841674e-11
1.46180519483e-08	2.03900230034e-10
1.46596987433e-08	2.95112490001e-10
1.47013455383e-08	2.98730762349e-10
1.47429923333e-08	2.13914719271e-10
1.47846391283e-08	7.32131369419e-11
1.48262859233e-08	-7.36171124061e-11
1.48679327183e-08	-1.79041032e-10
1.49095795133e-08	-2.13632236901e-10
1.49512263083e-08	-1.76812786634e-10
1.49928731033e-08	-9.29509108571e-11
1.50345198983e-08	-1.23782407935e-12
1.50761666933e-08	6.08256361945e-11
1.51178134883e-08	7.28583512966e-11
1.51594602833e-08	3.93316212932e-11
1.52011070783e-08	-1.41167190784e-11
1.52427538733e-08	-5.3399014377e-11
1.52844006683e-08	-5.42298810025e-11
1.53260474633e-08	-1.50577484509e-11
1.53676942583e-08	3.86337108138e-11
1.54093410533e-08	7.16153247815e-11
1.54509878483e-08	5.23517826312e-11
1.54926346433e-08	-2.06179379125e-11
1.55342814383e-08	-1.19510276675e-10
1.55759282333e-08	-1.94142923959e-10
1.56175750283e-08	-1.99900165865e-10
1.56592218233e-08	-1.16920084725e-10
1.57008686183e-08	3.48888418156e-11
1.57425154133e-08	2.02352079537e-10
1.57841622083e-08	3.19585080621e-10
1.58258090033e-08	3.35275002206e-10
1.58674557983e-08	2.3701585139e-10
1.59091025933e-08	5.83813830612e-11
1.59507493883e-08	-1.30006866383e-10
1.59923961833e-08	-2.51942605667e-10
1.60340429783e-08	-2.57497967393e-10
1.60756897733e-08	-1.46937045864e-10
1.61173365683e-08	2.56151506256e-11
1.61589833633e-08	1.75858133611e-10
1.62006301583e-08	2.26265658987e-10
1.62422769533e-08	1.44497080967e-10
1.62839237483e-08	-3.90202870015e-11
1.63255705433e-08	-2.42571435161e-10
1.63672173383e-08	-3.69959896052e-10
1.64088641333e-08	-3.54844070793e-10
1.64505109283e-08	-1.94257568364e-10
1.64921577233e-08	5.24878057684e-11
1.65338045183e-08	2.86300705366e-10
1.65754513133e-08	4.14393852566e-10
1.66170981083e-08	3.87880200181e-10
1.66587449033e-08	2.21879431495e-10
1.67003916983e-08	-1.33984438128e-11
1.67420384933e-08	-2.23986093562e-10
1.67836852883e-08	-3.31473043458e-10
1.68253320833e-08	-3.03334968255e-10
1.68669788783e-08	-1.6389460622e-10
1.69086256733e-08	2.21675421075e-11
1.69502724682e-08	1.76782921635e-10
1.69919192632e-08	2.44123415927e-10
1.70335660582e-08	2.11389863947e-10
1.70752128532e-08	1.09718754915e-10
1.71168596482e-08	-3.50775571784e-12
1.71585064432e-08	-7.45645628575e-11
1.72001532382e-08	-7.84630832529e-11
1.72418000332e-08	-2.87086864698e-11
1.72834468282e-08	3.4617066158e-11
1.73250936232e-08	6.8085287408e-11
1.73667404182e-08	4.67018021477e-11
1.74083872132e-08	-2.07271144692e-11
1.74500340082e-08	-1.02311381589e-10
1.74916808032e-08	-1.58073318324e-10
1.75333275982e-08	-1.62826668815e-10
1.75749743932e-08	-1.16827769681e-10
1.76166211882e-08	-4.32940003292e-11
1.76582679832e-08	2.41583281158e-11
1.76999147782e-08	6.01960842284e-11
1.77415615732e-08	5.62647498037e-11
1.77832083682e-08	2.54770336772e-11
1.78248551632e-08	-5.52925240316e-12
1.78665019582e-08	-1.04844761345e-11
1.79081487532e-08	2.43035504915e-11
1.79497955482e-08	8.96176119425e-11
1.79914423432e-08	1.57745302931e-10
1.80330891382e-08	1.92105747976e-10
1.80747359332e-08	1.67109812099e-10
1.81163827282e-08	7.92704721309e-11
1.81580295232e-08	-4.51258717893e-11
1.81996763182e-08	-1.61494442819e-10
1.82413231132e-08	-2.23663754184e-10
1.82829699082e-08	-2.07861991508e-10
1.83246167032e-08	-1.20282783733e-10
1.83662634982e-08	9.03628734339e-13
1.84079102932e-08	1.05795948391e-10
1.84495570882e-08	1.52414358912e-10
1.84912038832e-08	1.25359903014e-10
1.85328506782e-08	4.02636257668e-11
1.85744974732e-08	-6.32287208702e-11
1.86161442682e-08	-1.39911138231e-10
1.86577910632e-08	-1.56952117969e-10
1.86994378582e-08	-1.08796423259e-10
1.87410846532e-08	-1.83066894976e-11
1.87827314482e-08	7.28517593473e-11
1.88243782432e-08	1.22977683592e-10
1.88660250382e-08	1.08626899142e-10
1.89076718332e-08	3.71853277337e-11
1.89493186282e-08	-5.66246181888e-11
1.89909654232e-08	-1.22878873743e-10
1.90326122182e-08	-1.21482046644e-10
1.90742590132e-08	-4.11412015566e-11
1.91159058082e-08	9.11466527254e-11
1.91575526032e-08	2.19710555305e-10
1.91991993982e-08	2.82946666097e-10
1.92408461932e-08	2.4311075375e-10
1.92824929882e-08	1.05814010332e-10
1.93241397832e-08	-7.93986681957e-11
1.93657865782e-08	-2.40644559835e-10
1.94074333732e-08	-3.11153242061e-10
1.94490801682e-08	-2.63721239291e-10
1.94907269632e-08	-1.18771256719e-10
1.95323737582e-08	6.04983632635e-11
1.95740205532e-08	1.98707592047e-10
1.96156673482e-08	2.38940034425e-10
1.96573141432e-08	1.6827363114e-10
1.96989609382e-08	2.2165023289e-11
1.97406077332e-08	-1.34314448452e-10
1.97822545282e-08	-2.33770280911e-10
1.98239013232e-08	-2.36971831047e-10
1.98655481182e-08	-1.49431161889e-10
1.99071949132e-08	-1.39476607347e-11
1.99488417082e-08	1.08593328774e-10
1.99904885032e-08	1.70616243356e-10
2.00321352982e-08	1.55488122378e-10
2.00737820932e-08	8.64489035912e-11
2.01154288882e-08	8.80479109761e-12
2.01570756832e-08	-3.26269983253e-11
2.01987224782e-08	-1.68559836228e-11
2.02403692732e-08	4.26093119121e-11
2.02820160682e-08	1.04924249844e-10
2.03236628632e-08	1.25709526122e-10
2.03653096582e-08	8.11709588433e-11
2.04069564532e-08	-1.60618254808e-11
2.04486032482e-08	-1.22103591127e-10
2.04902500432e-08	-1.84014914417e-10
2.05318968382e-08	-1.67316785427e-10
2.05735436332e-08	-7.73101513363e-11
2.06151904282e-08	4.39925942897e-11
2.06568372232e-08	1.35714411931e-10
2.06984840182e-08	1.49798173865e-10
2.07401308132e-08	7.50368517322e-11
2.07817776082e-08	-5.7249979063e-11
2.08234244032e-08	-1.85953016874e-10
2.08650711982e-08	-2.49887666115e-10
2.09067179932e-08	-2.12561662716e-10
2.09483647882e-08	-8.15691680867e-11
2.09900115832e-08	9.59080176388e-11
2.10316583782e-08	2.49927273321e-10
2.10733051732e-08	3.1668706546e-10
2.11149519682e-08	2.63981697612e-10
2.11565987632e-08	1.07183262266e-10
2.11982455582e-08	-9.52780909724e-11
2.12398923532e-08	-2.63342431195e-10
2.12815391482e-08	-3.26977389609e-10
2.13231859432e-08	-2.54961829427e-10
2.13648327382e-08	-7.02965324839e-11
2.14064795332e-08	1.57922327992e-10
2.14481263282e-08	3.40521139064e-10
2.14897731232e-08	4.05236511014e-10
2.15314199182e-08	3.24078708314e-10
2.15730667131e-08	1.27438046227e-10
2.16147135081e-08	-1.10685953458e-10
2.16563603031e-08	-3.01643932055e-10
2.16980070981e-08	-3.77692099818e-10
2.17396538931e-08	-3.17826792662e-10
2.17813006881e-08	-1.54516233142e-10
2.18229474831e-08	4.1639934556e-11
2.18645942781e-08	1.88713197846e-10
2.19062410731e-08	2.28548596715e-10
2.19478878681e-08	1.48511827835e-10
2.19895346631e-08	-1.08116935543e-11
2.20311814581e-08	-1.73827979788e-10
2.20728282531e-08	-2.60200583302e-10
2.21144750481e-08	-2.22911605841e-10
2.21561218431e-08	-6.97275848172e-11
2.21977686381e-08	1.37843916836e-10
2.22394154331e-08	3.1016639257e-10
2.22810622281e-08	3.70526997973e-10
2.23227090231e-08	2.8990213008e-10
2.23643558181e-08	1.00120786661e-10
2.24060026131e-08	-1.19893747708e-10
2.24476494081e-08	-2.7962668292e-10
2.24892962031e-08	-3.162810569e-10
2.25309429981e-08	-2.20847548582e-10
2.25725897931e-08	-3.83599992049e-11
2.26142365881e-08	1.51838722151e-10
2.26558833831e-08	2.70851785444e-10
2.26975301781e-08	2.72703748472e-10
2.27391769731e-08	1.62467955755e-10
2.27808237681e-08	-9.97169534445e-12
2.28224705631e-08	-1.69509378756e-10
2.28641173581e-08	-2.524348508e-10
2.29057641531e-08	-2.30080926533e-10
2.29474109481e-08	-1.24041832361e-10
2.29890577431e-08	9.15035582028e-12
2.30307045381e-08	1.03080648184e-10
2.30723513331e-08	1.14373628624e-10
2.31139981281e-08	4.39427452759e-11
2.31556449231e-08	-6.65944660527e-11
2.31972917181e-08	-1.55432430815e-10
2.32389385131e-08	-1.73115105584e-10
2.32805853081e-08	-1.06268042976e-10
2.33222321031e-08	1.80950324169e-11
2.33638788981e-08	1.47190620803e-10
2.34055256931e-08	2.30005736679e-10
2.34471724881e-08	2.40362535431e-10
2.34888192831e-08	1.86562848503e-10
2.35304660781e-08	1.02831423932e-10
2.35721128731e-08	2.90228500954e-11
2.36137596681e-08	-1.07238280755e-11
2.36554064631e-08	-1.66705642346e-11
2.36970532581e-08	-1.16138036688e-11
2.37387000531e-08	-2.39094820331e-11
2.37803468481e-08	-7.10790523661e-11
2.38219936431e-08	-1.46487544317e-10
2.38636404381e-08	-2.20806831153e-10
2.39052872331e-08	-2.52978221704e-10
2.39469340281e-08	-2.11523076832e-10
2.39885808231e-08	-9.33617280707e-11
2.40302276181e-08	6.89980711455e-11
2.40718744131e-08	2.17298651295e-10
2.41135212081e-08	2.91991486545e-10
2.41551680031e-08	2.59263416291e-10
2.41968147981e-08	1.29127819548e-10
2.42384615931e-08	-4.68145661126e-11
2.42801083881e-08	-1.9708504273e-10
2.43217551831e-08	-2.60134191965e-10
2.43634019781e-08	-2.11779871417e-10
2.44050487731e-08	-7.41591094089e-11
2.44466955681e-08	9.46886249964e-11
2.44883423631e-08	2.27080465542e-10
2.45299891581e-08	2.7173710504e-10
2.45716359531e-08	2.14642539853e-10
2.46132827481e-08	8.09458750028e-11
2.46549295431e-08	-7.42915104435e-11
2.46965763381e-08	-1.88778492838e-10
2.47382231331e-08	-2.15650386437e-10
2.47798699281e-08	-1.43638545502e-10
2.48215167231e-08	-1.31333268913e-12
2.48631635181e-08	1.51038764828e-10
2.49048103131e-08	2.45890197093e-10
2.49464571081e-08	2.35614555644e-10
2.49881039031e-08	1.15422282843e-10
2.50297506981e-08	-7.26589066691e-11
2.50713974931e-08	-2.5547189364e-10
2.51130442881e-08	-3.585728936e-10
2.51546910831e-08	-3.40918238084e-10
2.51963378781e-08	-2.11124728811e-10
2.52379846731e-08	-2.42658480115e-11
2.52796314681e-08	1.44286319004e-10
2.53212782631e-08	2.34122637943e-10
2.53629250581e-08	2.23567817037e-10
2.54045718531e-08	1.37441627523e-10
2.54462186481e-08	2.89409746168e-11
2.54878654431e-08	-4.57413620869e-11
2.55295122381e-08	-5.54184233226e-11
2.55711590331e-08	-4.54233786001e-12
2.56128058281e-08	7.12714540163e-11
2.56544526231e-08	1.25937926754e-10
2.56960994181e-08	1.24483701125e-10
2.57377462131e-08	6.21624002273e-11
2.57793930081e-08	-3.51708662194e-11
2.58210398031e-08	-1.21645346574e-10
2.58626865981e-08	-1.55237170341e-10
2.59043333931e-08	-1.17856405191e-10
2.59459801881e-08	-2.73049395594e-11
2.59876269831e-08	7.09969028012e-11
2.60292737781e-08	1.26142915557e-10
2.60709205731e-08	1.07231133695e-10
2.61125673681e-08	2.05023498179e-11
2.61542141631e-08	-9.29297888641e-11
2.6195860958e-08	-1.77826753323e-10
2.6237507753e-08	-1.92273696964e-10
2.6279154548e-08	-1.30042449031e-10
2.6320801343e-08	-2.1427337335e-11
2.6362448138e-08	8.05431416007e-11
2.6404094933e-08	1.28697344448e-10
2.6445741728e-08	1.05261445393e-10
2.6487388523e-08	2.94104740561e-11
2.6529035318e-08	-5.25269827634e-11
2.6570682113e-08	-9.10236330753e-11
2.6612328908e-08	-5.75236108746e-11
2.6653975703e-08	3.9662665513e-11
2.6695622498e-08	1.58777713199e-10
2.6737269293e-08	2.42534381467e-10
2.6778916088e-08	2.44077674738e-10
2.6820562883e-08	1.50286588729e-10
2.6862209678e-08	-8.49432503502e-12
2.6903856473e-08	-1.69910127634e-10
2.6945503268e-08	-2.64796878868e-10
2.6987150063e-08	-2.49244791473e-10
2.7028796858e-08	-1.27804961059e-10
2.7070443653e-08	4.60385583823e-11
2.7112090448e-08	1.91474419653e-10
2.7153737243e-08	2.36898972661e-10
2.7195384038e-08	1.54233195659e-10
2.7237030833e-08	-2.51486279718e-11
2.7278677628e-08	-2.23285043233e-10
2.7320324423e-08	-3.5072333926e-10
2.7361971218e-08	-3.47103151777e-10
2.7403618013e-08	-2.07577260936e-10
2.7445264808e-08	1.36481277668e-11
2.7486911603e-08	2.29820537601e-10
2.7528558398e-08	3.56560309056e-10
2.7570205193e-08	3.47997186623e-10
2.7611851988e-08	2.13716794262e-10
2.7653498783e-08	1.25907747769e-11
2.7695145578e-08	-1.71554187522e-10
2.7736792373e-08	-2.65517025033e-10
2.7778439168e-08	-2.34292585333e-10
2.7820085963e-08	-9.41496602902e-11
2.7861732758e-08	9.55790793733e-11
2.7903379553e-08	2.5719090746e-10
2.7945026348e-08	3.25100613097e-10
2.7986673143e-08	2.71837746757e-10
2.8028319938e-08	1.17451923187e-10
2.8069966733e-08	-7.99912219795e-11
2.8111613528e-08	-2.47891374094e-10
2.8153260323e-08	-3.28496063684e-10
2.8194907118e-08	-2.99971048001e-10
2.8236553913e-08	-1.82486262212e-10
2.8278200708e-08	-2.84206044115e-11
2.8319847503e-08	1.01693917176e-10
2.8361494298e-08	1.61597915604e-10
2.8403141093e-08	1.38527384008e-10
2.8444787888e-08	5.45974584987e-11
2.8486434683e-08	-4.39005359842e-11
2.8528081478e-08	-1.07976030894e-10
2.8569728273e-08	-1.08206804628e-10
2.8611375068e-08	-4.61191362877e-11
2.8653021863e-08	4.58566760952e-11
2.8694668658e-08	1.21426271815e-10
2.8736315453e-08	1.43087153237e-10
2.8777962248e-08	1.00958422178e-10
2.8819609043e-08	2.00320472016e-11
2.8861255838e-08	-5.38911207326e-11
2.8902902633e-08	-7.68556537856e-11
2.8944549428e-08	-3.17802971439e-11
2.8986196223e-08	6.14394785048e-11
2.9027843018e-08	1.5371545703e-10
2.9069489813e-08	1.92394822296e-10
2.9111136608e-08	1.47979767329e-10
2.9152783403e-08	3.02537196684e-11
2.9194430198e-08	-1.15166688686e-10
2.9236076993e-08	-2.27525123742e-10
2.9277723788e-08	-2.61190458151e-10
2.9319370583e-08	-2.05858788349e-10
2.9361017378e-08	-9.06380248633e-11
2.9402664173e-08	3.01791230894e-11
2.9444310968e-08	1.03245648142e-10
2.9485957763e-08	1.00230025668e-10
2.9527604558e-08	3.03464718632e-11
2.9569251353e-08	-6.5472474664e-11
2.9610898148e-08	-1.32463651159e-10
2.9652544943e-08	-1.28904470431e-10
2.9694191738e-08	-4.48906883888e-11
2.9735838533e-08	9.18391473981e-11
2.9777485328e-08	2.27172669565e-10
2.9819132123e-08	3.02404046248e-10
2.9860778918e-08	2.8064120472e-10
2.9902425713e-08	1.62886426569e-10
2.9944072508e-08	-1.101983782e-11
2.9985719303e-08	-1.76793343853e-10
3.0027366098e-08	-2.72696865089e-10
3.0069012893e-08	-2.64951588447e-10
3.0110659688e-08	-1.62090854627e-10
3.0152306483e-08	-1.02473377006e-11
3.0193953278e-08	1.26922528043e-10
3.0235600073e-08	1.95389274205e-10
3.0277246868e-08	1.73595388064e-10
3.0318893663e-08	7.91007814804e-11
3.0360540458e-08	-4.09321569694e-11
3.0402187253e-08	-1.32482746995e-10
3.0443834048e-08	-1.58191446054e-10
3.0485480843e-08	-1.13236434118e-10
3.0527127638e-08	-2.4513703567e-11
3.0568774433e-08	6.12112721621e-11
3.0610421228e-08	1.01009436926e-10
3.0652068023e-08	7.22144843923e-11
3.0693714818e-08	-1.42806495795e-11
3.0735361613e-08	-1.20014928551e-10
3.0777008408e-08	-1.94171123624e-10
3.0818655203e-08	-1.95281124604e-10
3.08603019979e-08	-1.11613815412e-10
3.09019487929e-08	3.34818284209e-11
3.09435955879e-08	1.889715745e-10
3.09852423829e-08	2.98243596486e-10
3.10268891779e-08	3.22062099212e-10
3.10685359729e-08	2.5413599003e-10
3.11101827679e-08	1.22626547805e-10
3.11518295629e-08	-2.45291825046e-11
3.11934763579e-08	-1.39067812821e-10
3.12351231529e-08	-1.91126003912e-10
3.12767699479e-08	-1.77223194453e-10
3.13184167429e-08	-1.17320819726e-10
3.13600635379e-08	-4.31588514926e-11
3.14017103329e-08	1.41805013912e-11
3.14433571279e-08	3.57126619943e-11
3.14850039229e-08	1.83778547935e-11
3.15266507179e-08	-2.44600902033e-11
3.15682975129e-08	-7.07923650256e-11
3.16099443079e-08	-9.73136848881e-11
3.16515911029e-08	-9.0391215346e-11
3.16932378979e-08	-5.15928896827e-11
3.17348846929e-08	4.30759334452e-12
3.17765314879e-08	5.50836667945e-11
3.18181782829e-08	8.40847183547e-11
3.18598250779e-08	8.71209146491e-11
3.19014718729e-08	7.43187247854e-11
3.19431186679e-08	6.15731424181e-11
3.19847654629e-08	5.89412893492e-11
3.20264122579e-08	6.21922027766e-11
3.20680590529e-08	5.5369771268e-11
3.21097058479e-08	2.2397575114e-11
3.21513526429e-08	-3.74955344551e-11
3.21929994379e-08	-1.0422109703e-10
3.22346462329e-08	-1.42460737651e-10
3.22762930279e-08	-1.20143589522e-10
3.23179398229e-08	-3.00133737308e-11
3.23595866179e-08	1.01738270586e-10
3.24012334129e-08	2.21098167552e-10
3.24428802079e-08	2.69433531042e-10
3.24845270029e-08	2.10125195022e-10
3.25261737979e-08	4.97270627453e-11
3.25678205929e-08	-1.61454044578e-10
3.26094673879e-08	-3.46065842649e-10
3.26511141829e-08	-4.31171043314e-10
3.26927609779e-08	-3.78254538802e-10
3.27344077729e-08	-2.01950262069e-10
3.27760545679e-08	3.47545811574e-11
3.28177013629e-08	2.44684439377e-10
3.28593481579e-08	3.51854989589e-10
3.29009949529e-08	3.23745474873e-10
3.29426417479e-08	1.83925055741e-10
3.29842885429e-08	1.0743294275e-12
3.30259353379e-08	-1.42866551922e-10
3.30675821329e-08	-1.88708937365e-10
3.31092289279e-08	-1.24709048643e-10
3.31508757229e-08	9.87909146849e-12
3.31925225179e-08	1.47380052606e-10
3.32341693129e-08	2.21620527485e-10
3.32758161079e-08	1.98802807549e-10
3.33174629029e-08	8.88538478905e-11
3.33591096979e-08	-6.03006117261e-11
3.34007564929e-08	-1.86722026729e-10
3.34424032879e-08	-2.40145320296e-10
3.34840500829e-08	-2.02157471318e-10
3.35256968779e-08	-9.16480710766e-11
3.35673436729e-08	4.32161771646e-11
3.36089904679e-08	1.4686574179e-10
3.36506372629e-08	1.77010739399e-10
3.36922840579e-08	1.2363181312e-10
3.37339308529e-08	1.24073234326e-11
3.37755776479e-08	-1.06610997808e-10
3.38172244429e-08	-1.80901710278e-10
3.38588712379e-08	-1.79306569592e-10
3.39005180329e-08	-1.05764348668e-10
3.39421648279e-08	3.87472172403e-12
3.39838116229e-08	9.89263601592e-11
3.40254584179e-08	1.40314149188e-10
3.40671052129e-08	1.16342963041e-10
3.41087520079e-08	4.91672189074e-11
3.41503988029e-08	-2.05587491475e-11
3.41920455979e-08	-5.40023789575e-11
3.42336923929e-08	-3.42402252385e-11
3.42753391879e-08	2.72691834391e-11
3.43169859829e-08	9.67679339436e-11
3.43586327779e-08	1.36935934814e-10
3.44002795729e-08	1.24415061586e-10
3.44419263679e-08	6.15289139083e-11
3.44835731629e-08	-2.65435208535e-11
3.45252199579e-08	-1.02578820438e-10
3.45668667529e-08	-1.36635036618e-10
3.46085135479e-08	-1.18793086479e-10
3.46501603429e-08	-6.40174024902e-11
3.46918071379e-08	-3.67486770181e-12
3.47334539329e-08	2.98373513397e-11
3.47751007279e-08	2.00145993529e-11
3.48167475229e-08	-2.59671902036e-11
3.48583943179e-08	-7.9942399922e-11
3.49000411129e-08	-1.07525342796e-10
3.49416879079e-08	-8.56658216586e-11
3.49833347029e-08	-1.63288757515e-11
3.50249814979e-08	7.3426140168e-11
3.50666282929e-08	1.42619721588e-10
3.51082750879e-08	1.56277671359e-10
3.51499218829e-08	1.03063273194e-10
3.51915686779e-08	3.17711568859e-12
3.52332154729e-08	-9.92534318622e-11
3.52748622679e-08	-1.54375554007e-10
3.53165090629e-08	-1.29880953215e-10
3.53581558579e-08	-2.73814356605e-11
3.53998026529e-08	1.15287210334e-10
3.54414494479e-08	2.37763642108e-10
3.54830962428e-08	2.82207479607e-10
3.55247430378e-08	2.17777282319e-10
3.55663898328e-08	5.7091151251e-11
3.56080366278e-08	-1.45308418076e-10
3.56496834228e-08	-3.12205816755e-10
3.56913302178e-08	-3.73440361967e-10
3.57329770128e-08	-2.97815827555e-10
3.57746238078e-08	-1.08712316926e-10
3.58162706028e-08	1.20925089386e-10
3.58579173978e-08	2.98187280423e-10
3.58995641928e-08	3.4874422794e-10
3.59412109878e-08	2.50756360121e-10
3.59828577828e-08	4.53428058989e-11
3.60245045778e-08	-1.79858711258e-10
3.60661513728e-08	-3.30773214374e-10
3.61077981678e-08	-3.45339645769e-10
3.61494449628e-08	-2.22104348802e-10
3.61910917578e-08	-1.6460957597e-11
3.62327385528e-08	1.85297485689e-10
3.62743853478e-08	3.04367531179e-10
3.63160321428e-08	3.01721703178e-10
3.63576789378e-08	1.89691845565e-10
3.63993257328e-08	2.34575536079e-11
3.64409725278e-08	-1.26290436442e-10
3.64826193228e-08	-2.0233487108e-10
3.65242661178e-08	-1.81154841128e-10
3.65659129128e-08	-7.95281826504e-11
3.66075597078e-08	5.6941118487e-11
3.66492065028e-08	1.72362901729e-10
3.66908532978e-08	2.23408735955e-10
3.67325000928e-08	1.92427906942e-10
3.67741468878e-08	9.37457611538e-11
3.68157936828e-08	-3.56170579141e-11
3.68574404778e-08	-1.50187931536e-10
3.68990872728e-08	-2.1522233995e-10
3.69407340678e-08	-2.17390258572e-10
3.69823808628e-08	-1.69672803585e-10
3.70240276578e-08	-9.94592116998e-11
3.70656744528e-08	-3.6261993408e-11
3.71073212478e-08	3.68505920223e-12
3.71489680428e-08	2.08105980365e-11
3.71906148378e-08	2.89801724285e-11
3.72322616328e-08	4.37810412923e-11
3.72739084278e-08	7.24898543969e-11
3.73155552228e-08	1.09453522634e-10
3.73572020178e-08	1.39515565767e-10
3.73988488128e-08	1.45133058349e-10
3.74404956078e-08	1.16624737645e-10
3.74821424028e-08	5.64044505547e-11
3.75237891978e-08	-1.9330160736e-11
3.75654359928e-08	-8.65713750686e-11
3.76070827878e-08	-1.21899365602e-10
3.76487295828e-08	-1.13244059963e-10
3.76903763778e-08	-6.54853810067e-11
3.77320231728e-08	-1.31326026442e-12
3.77736699678e-08	4.98667600268e-11
3.78153167628e-08	6.43264885802e-11
3.78569635578e-08	3.85057263852e-11
3.78986103528e-08	-1.08185153544e-11
3.79402571478e-08	-5.334943598e-11
3.79819039428e-08	-6.3276932305e-11
3.80235507378e-08	-3.38051461823e-11
3.80651975328e-08	1.79768856051e-11
3.81068443278e-08	6.02363020574e-11
3.81484911228e-08	6.36158695166e-11
3.81901379178e-08	1.83078500277e-11
3.82317847128e-08	-5.94579108171e-11
3.82734315078e-08	-1.34785294037e-10
3.83150783028e-08	-1.70009284428e-10
3.83567250978e-08	-1.42714146056e-10
3.83983718928e-08	-5.58003435125e-11
3.84400186878e-08	6.29338595126e-11
3.84816654828e-08	1.72284089772e-10
3.85233122778e-08	2.32819069579e-10
3.85649590728e-08	2.21715229509e-10
3.86066058678e-08	1.43131118069e-10
3.86482526628e-08	2.64888059404e-11
3.86898994578e-08	-8.22235959874e-11
3.87315462528e-08	-1.39923239661e-10
3.87731930478e-08	-1.23312360323e-10
3.88148398428e-08	-4.28288446375e-11
3.88564866378e-08	6.1211667679e-11
3.88981334328e-08	1.3467524318e-10
3.89397802278e-08	1.3481388228e-10
3.89814270228e-08	5.17259915456e-11
3.90230738178e-08	-8.41601441315e-11
3.90647206128e-08	-2.15375522972e-10
3.91063674078e-08	-2.81763445908e-10
3.91480142028e-08	-2.48700726679e-10
3.91896609978e-08	-1.22376803136e-10
3.92313077928e-08	5.18171061614e-11
3.92729545878e-08	2.07905512251e-10
3.93146013828e-08	2.87194462656e-10
3.93562481778e-08	2.60892751847e-10
3.93978949728e-08	1.42048456331e-10
3.94395417678e-08	-2.05704221018e-11
3.94811885628e-08	-1.64427790827e-10
3.95228353578e-08	-2.37021291483e-10
3.95644821528e-08	-2.17748347131e-10
3.96061289478e-08	-1.22741886099e-10
3.96477757428e-08	3.4005706237e-12
3.96894225378e-08	1.10410659782e-10
3.97310693328e-08	1.63344421322e-10
3.97727161278e-08	1.56599247458e-10
3.98143629228e-08	1.11276855785e-10
3.98560097178e-08	6.14215969752e-11
3.98976565128e-08	3.29415730804e-11
3.99393033078e-08	3.18786178011e-11
3.99809501028e-08	4.24129932564e-11
4.00225968978e-08	3.94734314679e-11
4.00642436928e-08	4.29865691653e-12
4.01058904878e-08	-6.22148305096e-11
4.01475372827e-08	-1.38956748885e-10
4.01891840777e-08	-1.94223956362e-10
4.02308308727e-08	-2.01510294562e-10
4.02724776677e-08	-1.52404422415e-10
4.03141244627e-08	-6.18876894176e-11
4.03557712577e-08	3.86301997335e-11
4.03974180527e-08	1.12004565345e-10
4.04390648477e-08	1.31962676897e-10
4.04807116427e-08	9.26049514849e-11
4.05223584377e-08	1.40252054762e-11
4.05640052327e-08	-6.53207904433e-11
4.06056520277e-08	-1.02076798403e-10
4.06472988227e-08	-6.90537904635e-11
4.06889456177e-08	3.04874944734e-11
4.07305924127e-08	1.57796400946e-10
4.07722392077e-08	2.54886389772e-10
4.08138860027e-08	2.68308153473e-10
4.08555327977e-08	1.77975814641e-10
4.08971795927e-08	9.50203457584e-12
4.09388263877e-08	-1.73098244072e-10
4.09804731827e-08	-2.9441402094e-10
4.10221199777e-08	-3.01831171168e-10
4.10637667727e-08	-1.90403220968e-10
4.11054135677e-08	-5.95167318207e-12
4.11470603627e-08	1.73832614969e-10
4.11887071577e-08	2.73460559752e-10
4.12303539527e-08	2.51100168436e-10
4.12720007477e-08	1.16972070918e-10
4.13136475427e-08	-7.19782289327e-11
4.13552943377e-08	-2.36529906772e-10
4.13969411327e-08	-3.08825021111e-10
4.14385879277e-08	-2.6100477335e-10
4.14802347227e-08	-1.16904208536e-10
4.15218815177e-08	5.95102023215e-11
4.15635283127e-08	1.92068888571e-10
4.16051751077e-08	2.26639873535e-10
4.16468219027e-08	1.54713311606e-10
4.16884686977e-08	1.71751918243e-11
4.17301154927e-08	-1.15277745683e-10
4.17717622877e-08	-1.75058273433e-10
4.18134090827e-08	-1.29355831602e-10
4.18550558777e-08	4.01475987871e-12
4.18967026727e-08	1.65343863601e-10
4.19383494677e-08	2.80988787793e-10
4.19799962627e-08	2.96526025956e-10
4.20216430577e-08	2.01286390333e-10
4.20632898527e-08	3.13660625251e-11
4.21049366477e-08	-1.4650301805e-10
4.21465834427e-08	-2.65562516422e-10
4.21882302377e-08	-2.850416847e-10
4.22298770327e-08	-2.05417655108e-10
4.22715238277e-08	-6.60818136322e-11
4.23131706227e-08	7.29885249462e-11
4.23548174177e-08	1.55688656411e-10
4.23964642127e-08	1.51049978081e-10
4.24381110077e-08	6.59773416456e-11
4.24797578027e-08	-5.96493271443e-11
4.25214045977e-08	-1.68971017733e-10
4.25630513927e-08	-2.13333781196e-10
4.26046981877e-08	-1.73184716568e-10
4.26463449827e-08	-6.59159810068e-11
4.26879917777e-08	6.21939652556e-11
4.27296385727e-08	1.59880289563e-10
4.27712853677e-08	1.93509736013e-10
4.28129321627e-08	1.61800670084e-10
4.28545789577e-08	9.30355376072e-11
4.28962257527e-08	2.72903331877e-11
4.29378725477e-08	-4.81254099072e-12
4.29795193427e-08	3.06575945186e-12
4.30211661377e-08	3.310242358e-11
4.30628129327e-08	5.57306666094e-11
4.31044597277e-08	4.76362352342e-11
4.31461065227e-08	4.50056311663e-12
4.31877533177e-08	-5.62339376453e-11
4.32294001127e-08	-1.06469041916e-10
4.32710469077e-08	-1.20781870616e-10
4.33126937027e-08	-9.12614150916e-11
4.33543404977e-08	-3.06644605541e-11
4.33959872927e-08	3.14350108443e-11
4.34376340877e-08	6.34396632448e-11
4.34792808827e-08	4.61618486491e-11
4.35209276777e-08	-1.61163131451e-11
4.35625744727e-08	-9.58710194565e-11
4.36042212677e-08	-1.52713952595e-10
4.36458680627e-08	-1.51643267388e-10
4.36875148577e-08	-8.00888244612e-11
4.37291616527e-08	4.24220589212e-11
4.37708084477e-08	1.69970745811e-10
4.38124552427e-08	2.48029236039e-10
4.38541020377e-08	2.38034564282e-10
4.38957488327e-08	1.35673000612e-10
4.39373956277e-08	-2.361917259e-11
4.39790424227e-08	-1.7770017402e-10
4.40206892177e-08	-2.62055405154e-10
4.40623360127e-08	-2.37309616402e-10
4.41039828077e-08	-1.05762912317e-10
4.41456296027e-08	8.62281288039e-11
4.41872763977e-08	2.66389243997e-10
4.42289231927e-08	3.63279462068e-10
4.42705699877e-08	3.35589472877e-10
4.43122167827e-08	1.89189969246e-10
4.43538635777e-08	-2.53302274988e-11
4.43955103727e-08	-2.31423033514e-10
4.44371571677e-08	-3.58081592156e-10
4.44788039627e-08	-3.66905006377e-10
4.45204507577e-08	-2.66251909409e-10
4.45620975527e-08	-1.04925429456e-10
4.46037443477e-08	5.01526389862e-11
4.46453911427e-08	1.42723236007e-10
4.46870379377e-08	1.49047940656e-10
4.47286847327e-08	8.58566273632e-11
4.47703315276e-08	-2.73326500322e-12
4.48119783226e-08	-6.66033686536e-11
4.48536251176e-08	-7.34044353079e-11
4.48952719126e-08	-2.18521711143e-11
4.49369187076e-08	6.11344586066e-11
4.49785655026e-08	1.34704886134e-10
4.50202122976e-08	1.65425936838e-10
4.50618590926e-08	1.40769604307e-10
4.51035058876e-08	7.40586272863e-11
4.51451526826e-08	-5.10414583862e-12
4.51867994776e-08	-6.50496254084e-11
4.52284462726e-08	-8.61055324264e-11
4.52700930676e-08	-6.71957489651e-11
4.53117398626e-08	-2.38690161386e-11
4.53533866576e-08	2.05706285339e-11
4.53950334526e-08	4.55525478449e-11
4.54366802476e-08	4.14413989236e-11
4.54783270426e-08	1.23064596708e-11
4.55199738376e-08	-2.77484632494e-11
4.55616206326e-08	-6.12185718785e-11
4.56032674276e-08	-7.69593902494e-11
4.56449142226e-08	-7.24981116806e-11
4.56865610176e-08	-5.63211005611e-11
4.57282078126e-08	-4.04069382121e-11
4.57698546076e-08	-3.46692397013e-11
4.58115014026e-08	-3.9780716915e-11
4.58531481976e-08	-4.73374464627e-11
4.58947949926e-08	-4.45287869077e-11
4.59364417876e-08	-2.13344099331e-11
4.59780885826e-08	2.23820493389e-11
4.60197353776e-08	7.52619980227e-11
4.60613821726e-08	1.19618967509e-10
4.61030289676e-08	1.39381728381e-10
4.61446757626e-08	1.28586835624e-10
4.61863225576e-08	9.49792119953e-11
4.62279693526e-08	5.58508933546e-11
4.62696161476e-08	2.99048980024e-11
4.63112629426e-08	2.65041009972e-11
4.63529097376e-08	4.03166180996e-11
4.63945565326e-08	5.26215945817e-11
4.64362033276e-08	3.97762135729e-11
4.64778501226e-08	-1.36060607225e-11
4.65194969176e-08	-1.05461091249e-10
4.65611437126e-08	-2.11993769761e-10
4.66027905076e-08	-2.93392699025e-10
4.66444373026e-08	-3.09226644291e-10
4.66860840976e-08	-2.35585939645e-10
4.67277308926e-08	-8.02992811133e-11
4.67693776876e-08	1.14346851432e-10
4.68110244826e-08	2.83532669565e-10
4.68526712776e-08	3.64214103321e-10
4.68943180726e-08	3.219532696e-10
4.69359648676e-08	1.68273353585e-10
4.69776116626e-08	-4.12485323675e-11
4.70192584576e-08	-2.27031282662e-10
4.70609052526e-08	-3.18272658228e-10
4.71025520476e-08	-2.80842016309e-10
4.71441988426e-08	-1.31717858842e-10
4.71858456376e-08	6.90637963485e-11
4.72274924326e-08	2.43108755349e-10
4.72691392276e-08	3.23989501894e-10
4.73107860226e-08	2.83314621763e-10
4.73524328176e-08	1.40234268642e-10
4.73940796126e-08	-4.57396030773e-11
4.74357264076e-08	-1.98849658961e-10
4.74773732026e-08	-2.56854287839e-10
4.75190199976e-08	-1.977499553e-10
4.75606667926e-08	-4.97924340648e-11
4.76023135876e-08	1.19007595445e-10
4.76439603826e-08	2.29954805198e-10
4.76856071776e-08	2.28235180755e-10
4.77272539726e-08	1.09071369991e-10
4.77689007676e-08	-8.02663213673e-11
4.78105475626e-08	-2.60867188961e-10
4.78521943576e-08	-3.57920137972e-10
4.78938411526e-08	-3.3339780936e-10
4.79354879476e-08	-1.99654903721e-10
4.79771347426e-08	-1.12872402397e-11
4.80187815376e-08	1.62382843283e-10
4.80604283326e-08	2.66147243133e-10
4.81020751276e-08	2.78345735349e-10
4.81437219226e-08	2.14136625099e-10
4.81853687176e-08	1.12783504758e-10
4.82270155126e-08	1.89323660915e-11
4.82686623076e-08	-3.63905329481e-11
4.83103091026e-08	-4.46272532817e-11
4.83519558976e-08	-1.97350365216e-11
4.83936026926e-08	1.16317025456e-11
4.84352494876e-08	2.39677479252e-11
4.84768962826e-08	6.12141977732e-12
4.85185430776e-08	-3.46995487899e-11
4.85601898726e-08	-7.55731935365e-11
4.86018366676e-08	-9.19152323697e-11
4.86434834626e-08	-7.04963518117e-11
4.86851302576e-08	-1.90659987798e-11
4.87267770526e-08	3.7515747453e-11
4.87684238476e-08	6.89201057336e-11
4.88100706426e-08	5.6717901209e-11
4.88517174376e-08	3.96094355232e-12
4.88933642326e-08	-6.5427219198e-11
4.89350110276e-08	-1.19407900234e-10
4.89766578226e-08	-1.31950089743e-10
4.90183046176e-08	-9.64659463421e-11
4.90599514126e-08	-2.64282415396e-11
4.91015982076e-08	5.06945596612e-11
4.91432450026e-08	1.06386288667e-10
4.91848917976e-08	1.21517865215e-10
4.92265385926e-08	9.41048419745e-11
4.92681853876e-08	3.87158187454e-11
4.93098321826e-08	-1.86022603571e-11
4.93514789776e-08	-5.11357484134e-11
4.93931257726e-08	-4.20906955123e-11
4.94347725675e-08	6.24554227779e-12
4.94764193625e-08	7.19641846114e-11
4.95180661575e-08	1.21790036389e-10
4.95597129525e-08	1.26317858951e-10
4.96013597475e-08	7.57444662547e-11
4.96430065425e-08	-1.38483217949e-11
4.96846533375e-08	-1.05735614708e-10
4.97263001325e-08	-1.59877291961e-10
4.97679469275e-08	-1.52475670978e-10
4.98095937225e-08	-8.77228359397e-11
4.98512405175e-08	2.76012979833e-12
4.98928873125e-08	7.58464679951e-11
4.99345341075e-08	9.67089047732e-11
4.99761809025e-08	5.52511335294e-11
5.00178276975e-08	-2.92950386171e-11
5.00594744925e-08	-1.17186704784e-10
5.01011212875e-08	-1.65857855228e-10
5.01427680825e-08	-1.48316414705e-10
5.01844148775e-08	-6.58078730398e-11
5.02260616725e-08	5.30135102483e-11
5.02677084675e-08	1.6154343141e-10
5.03093552625e-08	2.15733736431e-10
5.03510020575e-08	1.92531462995e-10
5.03926488525e-08	1.01192124125e-10
5.04342956475e-08	-1.93337394705e-11
5.04759424425e-08	-1.16582785092e-10
5.05175892375e-08	-1.47700643383e-10
5.05592360325e-08	-9.91276435935e-11
5.06008828275e-08	6.59348096954e-12
5.06425296225e-08	1.21081325521e-10
5.06841764175e-08	1.91702168029e-10
5.07258232125e-08	1.85761989124e-10
5.07674700075e-08	1.03360736636e-10
5.08091168025e-08	-2.35119857611e-11
5.08507635975e-08	-1.47147502516e-10
5.08924103925e-08	-2.24458174269e-10
5.09340571875e-08	-2.3382906722e-10
5.09757039825e-08	-1.80086903723e-10
5.10173507775e-08	-8.94922608241e-11
5.10589975725e-08	4.30317240174e-12
5.11006443675e-08	7.35061525536e-11
5.11422911625e-08	1.06140214673e-10
5.11839379575e-08	1.05892766777e-10
5.12255847525e-08	8.65112009807e-11
5.12672315475e-08	6.196483604e-11
5.13088783425e-08	3.93033765256e-11
5.13505251375e-08	1.77692097147e-11
5.13921719325e-08	-7.59015246488e-12
5.14338187275e-08	-3.83833971551e-11
5.14754655225e-08	-6.74122008215e-11
5.15171123175e-08	-8.03493105384e-11
5.15587591125e-08	-6.20955578623e-11
5.16004059075e-08	-7.77473311425e-12
5.16420527025e-08	7.10398337378e-11
5.16836994975e-08	1.46299111714e-10
5.17253462925e-08	1.84953705129e-10
5.17669930875e-08	1.63346530746e-10
5.18086398825e-08	8.10452677191e-11
5.18502866775e-08	-3.75936608232e-11
5.18919334725e-08	-1.49806306249e-10
5.19335802675e-08	-2.14627385309e-10
5.19752270625e-08	-2.08362382903e-10
5.20168738575e-08	-1.36699374043e-10
5.20585206525e-08	-3.04128632e-11
5.21001674475e-08	6.68894939437e-11
5.21418142425e-08	1.17874834893e-10
5.21834610375e-08	1.0533662137e-10
5.22251078325e-08	3.8674247832e-11
5.22667546275e-08	-5.12132211639e-11
5.23084014225e-08	-1.23310292532e-10
5.23500482175e-08	-1.42933831437e-10
5.23916950125e-08	-9.48915876431e-11
5.24333418075e-08	9.04564097237e-12
5.24749886025e-08	1.3265441523e-10
5.25166353975e-08	2.27801388863e-10
5.25582821925e-08	2.53658094529e-10
5.25999289875e-08	1.94042892865e-10
5.26415757825e-08	6.62672625107e-11
5.26832225775e-08	-8.43245265281e-11
5.27248693725e-08	-2.0148716029e-10
5.27665161675e-08	-2.42910080939e-10
5.28081629625e-08	-1.95959026783e-10
5.28498097575e-08	-8.38448824259e-11
5.28914565525e-08	4.67879311683e-11
5.29331033475e-08	1.45183087774e-10
5.29747501425e-08	1.77756309672e-10
5.30163969375e-08	1.39975336877e-10
5.30580437325e-08	5.56143672781e-11
5.30996905275e-08	-3.5082207972e-11
5.31413373225e-08	-9.30119176124e-11
5.31829841175e-08	-9.74595959491e-11
5.32246309125e-08	-5.31293689598e-11
5.32662777075e-08	1.13428823625e-11
5.33079245025e-08	5.73857801556e-11
5.33495712975e-08	5.46888125064e-11
5.33912180925e-08	-3.73330446418e-12
5.34328648875e-08	-9.56035736688e-11
5.34745116825e-08	-1.77556414016e-10
5.35161584775e-08	-2.04752381716e-10
5.35578052725e-08	-1.52230519856e-10
5.35994520675e-08	-2.9990895184e-11
5.36410988625e-08	1.20524645819e-10
5.36827456575e-08	2.42411035689e-10
5.37243924525e-08	2.90301310768e-10
5.37660392475e-08	2.4948915156e-10
5.38076860425e-08	1.42327191699e-10
5.38493328375e-08	1.55960834525e-11
5.38909796325e-08	-8.18447115636e-11
5.39326264275e-08	-1.21379212237e-10
5.39742732225e-08	-1.04371601639e-10
5.40159200175e-08	-5.79877361406e-11
5.40575668124e-08	-1.83556624761e-11
5.40992136074e-08	-1.20097430265e-11
5.41408604024e-08	-4.3061970656e-11
5.41825071974e-08	-9.24165258209e-11
5.42241539924e-08	-1.27927182736e-10
5.42658007874e-08	-1.20993187691e-10
5.43074475824e-08	-6.25804269516e-11
5.43490943774e-08	3.00547156606e-11
5.43907411724e-08	1.19137033572e-10
5.44323879674e-08	1.63352373295e-10
5.44740347624e-08	1.38966810281e-10
5.45156815574e-08	5.29208135647e-11
5.45573283524e-08	-5.67020388975e-11
5.45989751474e-08	-1.38840175468e-10
5.46406219424e-08	-1.52766771455e-10
5.46822687374e-08	-8.9955640159e-11
5.47239155324e-08	2.10782346438e-11
5.47655623274e-08	1.26800236977e-10
5.48072091224e-08	1.75975831129e-10
5.48488559174e-08	1.43218950588e-10
5.48905027124e-08	4.40073012753e-11
5.49321495074e-08	-7.4138042927e-11
5.49737963024e-08	-1.5219681071e-10
5.50154430974e-08	-1.49054185661e-10
5.50570898924e-08	-5.96126273344e-11
5.50987366874e-08	8.15163769818e-11
5.51403834824e-08	2.14145701172e-10
5.51820302774e-08	2.7734808894e-10
5.52236770724e-08	2.35377217717e-10
5.52653238674e-08	9.15740261398e-11
5.53069706624e-08	-1.09708707396e-10
5.53486174574e-08	-2.9971516935e-10
5.53902642524e-08	-4.0920616895e-10
5.54319110474e-08	-3.95496801975e-10
5.54735578424e-08	-2.58687432586e-10
5.55152046374e-08	-4.40659314593e-11
5.55568514324e-08	1.74434952593e-10
5.55984982274e-08	3.21618176535e-10
5.56401450224e-08	3.50484474776e-10
5.56817918174e-08	2.58571219991e-10
5.57234386124e-08	8.93588744666e-11
5.57650854074e-08	-8.76240052738e-11
5.58067322024e-08	-2.03514913255e-10
5.58483789974e-08	-2.17437429173e-10
5.58900257924e-08	-1.30419980371e-10
5.59316725874e-08	1.64293509353e-11
5.59733193824e-08	1.59910792941e-10
5.60149661774e-08	2.40539310692e-10
5.60566129724e-08	2.26050608787e-10
5.60982597674e-08	1.23351731607e-10
5.61399065624e-08	-2.44431315466e-11
5.61815533574e-08	-1.57452606508e-10
5.62232001524e-08	-2.23350574147e-10
5.62648469474e-08	-1.99867150608e-10
5.63064937424e-08	-1.02704414418e-10
5.63481405374e-08	2.17842480166e-11
5.63897873324e-08	1.1826166435e-10
5.64314341274e-08	1.46511844323e-10
5.64730809224e-08	9.86654924429e-11
5.65147277174e-08	2.43425071766e-13
5.65563745124e-08	-1.02608185837e-10
5.65980213074e-08	-1.66105393329e-10
5.66396681024e-08	-1.66898758702e-10
5.66813148974e-08	-1.11165576744e-10
5.67229616924e-08	-2.75154638657e-11
5.67646084874e-08	4.87159063089e-11
5.68062552824e-08	9.2486372727e-11
5.68479020774e-08	9.86027995364e-11
5.68895488724e-08	7.99857263756e-11
5.69311956674e-08	5.76635753036e-11
5.69728424624e-08	4.84793212518e-11
5.70144892574e-08	5.64152301263e-11
5.70561360524e-08	7.23241050382e-11
5.70977828474e-08	7.95649449103e-11
5.71394296424e-08	6.38787356344e-11
5.71810764374e-08	2.24231223867e-11
5.72227232324e-08	-3.35114366812e-11
5.72643700274e-08	-8.25051554854e-11
5.73060168224e-08	-1.03360660308e-10
5.73476636174e-08	-8.70642030693e-11
5.73893104124e-08	-4.25930436754e-11
5.74309572074e-08	5.70675104394e-12
5.74726040024e-08	3.07917961961e-11
5.75142507974e-08	1.74520658341e-11
5.75558975924e-08	-2.76316348274e-11
5.75975443874e-08	-7.83439910168e-11
5.76391911824e-08	-1.03181074795e-10
5.76808379774e-08	-8.26847340596e-11
5.77224847724e-08	-2.12595843707e-11
5.77641315674e-08	5.31096139289e-11
5.78057783624e-08	1.03577715849e-10
5.78474251574e-08	1.03030542431e-10
5.78890719524e-08	4.9694217491e-11
5.79307187474e-08	-3.14645150212e-11
5.79723655424e-08	-9.87012693798e-11
5.80140123374e-08	-1.13896968246e-10
5.80556591324e-08	-6.05704167378e-11
5.80973059274e-08	4.71964654858e-11
5.81389527224e-08	1.69514291493e-10
5.81805995174e-08	2.55577448094e-10
5.82222463124e-08	2.6557162025e-10
5.82638931074e-08	1.8592706541e-10
5.83055399024e-08	3.7799791075e-11
5.83471866974e-08	-1.30766661388e-10
5.83888334924e-08	-2.60916149797e-10
5.84304802874e-08	-3.06520114846e-10
5.84721270824e-08	-2.52193127492e-10
5.85137738774e-08	-1.19734028248e-10
5.85554206724e-08	3.9852791206e-11
5.85970674674e-08	1.66671315638e-10
5.86387142624e-08	2.15734777265e-10
5.86803610573e-08	1.73001113435e-10
5.87220078523e-08	5.95113819335e-11
5.87636546473e-08	-7.9376345774e-11
5.88053014423e-08	-1.91817131623e-10
5.88469482373e-08	-2.3853236053e-10
5.88885950323e-08	-2.0529022926e-10
5.89302418273e-08	-1.05385020155e-10
5.89718886223e-08	2.64537159539e-11
5.90135354173e-08	1.45946033037e-10
5.90551822123e-08	2.15367515488e-10
5.90968290073e-08	2.15336332099e-10
5.91384758023e-08	1.53171947348e-10
5.91801225973e-08	5.8919133461e-11
5.92217693923e-08	-2.58048062085e-11
5.92634161873e-08	-6.65983448944e-11
5.93050629823e-08	-5.08732778126e-11
5.93467097773e-08	6.52959630809e-12
5.93883565723e-08	7.11272152287e-11
5.94300033673e-08	1.05694536456e-10
5.94716501623e-08	8.87547049744e-11
5.95132969573e-08	2.37255007307e-11
5.95549437523e-08	-6.33381125326e-11
5.95965905473e-08	-1.38191555421e-10
5.96382373423e-08	-1.75307726669e-10
5.96798841373e-08	-1.68876607143e-10
5.97215309323e-08	-1.32789931828e-10
5.97631777273e-08	-8.99425117717e-11
5.98048245223e-08	-5.8515345347e-11
5.98464713173e-08	-4.19512653782e-11
5.98881181123e-08	-2.85891171847e-11
5.99297649073e-08	-8.23022205942e-13
5.99714117023e-08	5.26958025826e-11
6.00130584973e-08	1.26567492598e-10
