% time-domain voltage integration by openEMS v0.0.35-98-gb49bd2a @Mon Jul 31 12:59:20 2023
% start-coordinates: (0.01548,0.0132999,0.00139497) m -> [84,94,24]
% stop-coordinates: (0.015762,0.0132999,0.00139497) m -> [88,94,24]
% t/s	voltage
0	-0
4.16420524233e-11	-1.08297754764e-07
8.32841048465e-11	-1.86297896221e-07
1.2492615727e-10	-2.48226527333e-07
1.66568209693e-10	-1.6630763966e-07
2.08210262116e-10	3.1449017257e-07
2.4985231454e-10	1.59418789281e-06
2.91494366963e-10	4.12370695813e-06
3.33136419386e-10	8.10596429801e-06
3.74778471809e-10	1.2983798797e-05
4.16420524233e-10	1.68107912941e-05
4.58062576656e-10	1.5865523892e-05
4.99704629079e-10	5.02241982758e-06
5.41346681502e-10	-2.06318277378e-05
5.82988733926e-10	-6.29369278613e-05
6.24630786349e-10	-0.000117371460874
6.66272838772e-10	-0.000171033814695
7.07914891195e-10	-0.000203831441468
7.49556943619e-10	-0.000193931431568
7.91198996042e-10	-0.000126498873215
8.32841048465e-10	-2.44733678301e-06
8.74483100888e-10	0.000157243808644
9.16125153312e-10	0.00031500581099
9.57767205735e-10	0.00042798940558
9.99409258158e-10	0.000463211319584
1.04105131058e-09	0.000410068649217
1.082693363e-09	0.00028448003286
1.12433541543e-09	0.000122699279018
1.16597746785e-09	-3.22933260577e-05
1.20761952027e-09	-0.000145646550664
1.2492615727e-09	-0.000200538539502
1.29090362512e-09	-0.000199907521164
1.33254567754e-09	-0.000160854990099
1.37418772997e-09	-0.000105525798062
1.41582978239e-09	-5.28370201209e-05
1.45747183481e-09	-1.39067017244e-05
1.49911388724e-09	8.32669638839e-06
1.54075593966e-09	1.66418442404e-05
1.58239799208e-09	1.62090213962e-05
1.62404004451e-09	1.19465419175e-05
1.66568209693e-09	7.19069691968e-06
1.70732414935e-09	3.53532982444e-06
1.74896620178e-09	1.31604377884e-06
1.7906082542e-09	2.38354136428e-07
1.83225030662e-09	-1.49587496168e-07
1.87389235905e-09	-2.1305674025e-07
1.91553441147e-09	-1.68950343493e-07
1.95717646389e-09	-1.13304654548e-07
1.99881851632e-09	-8.88786679809e-08
2.04046056874e-09	-9.01700740741e-08
