% time-domain current integration by openEMS v0.0.35-98-gb49bd2a @Thu Jul 20 18:33:10 2023
% start-coordinates: (-0.00368512,0.0132411,0.00129388) m -> [1,50,15]
% stop-coordinates: (-0.00261,0.0132411,0.00279497) m -> [2,50,23]
% t/s	current
2.95410750872e-14	-0
4.1682456948e-11	2.06303071147e-19
8.3335372821e-11	-3.50867078447e-12
1.24988288694e-10	5.141926121e-11
1.66641204567e-10	3.92423732398e-11
2.0829412044e-10	3.12117762191e-11
2.49947036313e-10	-1.71824186823e-11
2.91599952186e-10	-2.04748384913e-10
3.33252868059e-10	-5.64220836718e-10
3.74905783932e-10	-1.16416809526e-09
4.16558699804e-10	-1.87484494596e-09
4.58211615677e-10	-2.36547137433e-09
4.9986453155e-10	-1.97675853464e-09
5.41517447423e-10	1.86885645848e-10
5.83170363296e-10	4.87557105799e-09
6.24823279169e-10	1.21224346117e-08
6.66476195042e-10	2.05527648234e-08
7.08129110915e-10	2.70953162129e-08
7.49782026788e-10	2.7440124839e-08
7.91434942661e-10	1.75616126086e-08
8.33087858534e-10	-4.11315070892e-09
8.74740774407e-10	-3.47844775206e-08
9.1639369028e-10	-6.67990036618e-08
9.58046606153e-10	-8.93798599577e-08
9.99699522026e-10	-9.2393968032e-08
1.0413524379e-09	-7.07074079287e-08
1.08300535377e-09	-2.70826561177e-08
1.12465826964e-09	2.78359806316e-08
1.16631118552e-09	7.89192498019e-08
1.20796410139e-09	1.11875934294e-07
1.24961701726e-09	1.182865077e-07
1.29126993314e-09	9.82623831192e-08
1.33292284901e-09	5.97335372277e-08
1.37457576488e-09	1.49905083902e-08
1.41622868076e-09	-2.39146675796e-08
1.45788159663e-09	-4.89385243441e-08
1.4995345125e-09	-5.77445717909e-08
1.54118742837e-09	-5.30876143046e-08
1.58284034425e-09	-4.052947844e-08
1.62449326012e-09	-2.5829827166e-08
1.66614617599e-09	-1.30214150573e-08
1.70779909187e-09	-3.78696585202e-09
1.74945200774e-09	2.02084882162e-09
1.79110492361e-09	5.31342170262e-09
1.83275783948e-09	6.88859369546e-09
1.87441075536e-09	7.10834591189e-09
1.91606367123e-09	6.08519901135e-09
1.9577165871e-09	4.08822220521e-09
1.99936950298e-09	1.72957248523e-09
2.04102241885e-09	-1.77303657867e-10
2.08267533472e-09	-9.60464707767e-10
2.1243282506e-09	-4.36795405401e-10
2.16598116647e-09	1.01673491848e-09
2.20763408234e-09	2.70538502711e-09
2.24928699821e-09	3.90420717977e-09
2.29093991409e-09	4.1552672414e-09
2.33259282996e-09	3.41315375962e-09
2.37424574583e-09	1.94681826216e-09
2.41589866171e-09	1.86070589492e-10
2.45755157758e-09	-1.44363410115e-09
2.49920449345e-09	-2.62367927384e-09
2.54085740932e-09	-3.15807424656e-09
2.5825103252e-09	-2.9898972187e-09
2.62416324107e-09	-2.18797735485e-09
2.66581615694e-09	-9.44098688116e-10
2.70746907282e-09	4.46620851413e-10
2.74912198869e-09	1.63341096204e-09
2.79077490456e-09	2.32547847645e-09
2.83242782043e-09	2.34913866137e-09
2.87408073631e-09	1.72275749222e-09
2.91573365218e-09	6.49594600333e-10
2.95738656805e-09	-5.57172308291e-10
2.99903948393e-09	-1.56404544871e-09
3.0406923998e-09	-2.11637130043e-09
3.08234531567e-09	-2.09160422315e-09
3.12399823155e-09	-1.53218115972e-09
3.16565114742e-09	-6.05842598311e-10
3.20730406329e-09	4.37980651746e-10
3.24895697916e-09	1.32964739219e-09
3.29060989504e-09	1.85069415348e-09
3.33226281091e-09	1.88141835444e-09
3.37391572678e-09	1.42981704254e-09
3.41556864266e-09	6.24095053414e-10
3.45722155853e-09	-3.12900511057e-10
3.4988744744e-09	-1.12678522068e-09
3.54052739027e-09	-1.61172353241e-09
3.58218030615e-09	-1.64424396321e-09
3.62383322202e-09	-1.23346322045e-09
3.66548613789e-09	-5.06810426959e-10
3.70713905377e-09	3.33370719918e-10
3.74879196964e-09	1.06232522779e-09
3.79044488551e-09	1.48728207527e-09
3.83209780139e-09	1.51231327461e-09
3.87375071726e-09	1.13861264861e-09
3.91540363313e-09	4.74249306492e-10
3.957056549e-09	-3.02233016392e-10
3.99870946488e-09	-9.88295778548e-10
4.04036238075e-09	-1.40602218757e-09
4.08201529662e-09	-1.45668133111e-09
4.1236682125e-09	-1.13439324601e-09
4.16532112837e-09	-5.3061421923e-10
4.20697404424e-09	1.83274978527e-10
4.24862696011e-09	8.2420198444e-10
4.29027987599e-09	1.22460874774e-09
4.33193279186e-09	1.29082955436e-09
4.37358570773e-09	1.02421471304e-09
4.41523862361e-09	5.09874642507e-10
4.45689153948e-09	-1.0339296086e-10
4.49854445535e-09	-6.49954867704e-10
4.54019737123e-09	-9.93840787444e-10
4.5818502871e-09	-1.05588349175e-09
4.62350320297e-09	-8.40883973563e-10
4.66515611884e-09	-4.21086165936e-10
4.70680903472e-09	8.11695016756e-11
4.74846195059e-09	5.31203747656e-10
4.79011486646e-09	8.21083423475e-10
4.83176778234e-09	8.87834361585e-10
4.87342069821e-09	7.32278904181e-10
4.91507361408e-09	4.07885530906e-10
4.95672652995e-09	5.07028360269e-12
4.99837944583e-09	-3.73583136648e-10
5.0400323617e-09	-6.37962016548e-10
5.08168527757e-09	-7.31972149559e-10
5.12333819345e-09	-6.46465103671e-10
5.16499110932e-09	-4.15566026035e-10
5.20664402519e-09	-1.07708522656e-10
5.24829694107e-09	1.92909466179e-10
5.28994985694e-09	4.12061162969e-10
5.33160277281e-09	4.99720653746e-10
5.37325568868e-09	4.47123005287e-10
5.41490860456e-09	2.81816792125e-10
5.45656152043e-09	6.41240047172e-11
5.4982144363e-09	-1.41838790713e-10
5.53986735218e-09	-2.80090672877e-10
5.58152026805e-09	-3.18206627714e-10
5.62317318392e-09	-2.56637877616e-10
5.66482609979e-09	-1.22114582335e-10
5.70647901567e-09	4.2298331504e-11
5.74813193154e-09	1.87034610022e-10
5.78978484741e-09	2.74060218963e-10
5.83143776329e-09	2.84141349338e-10
5.87309067916e-09	2.1836382702e-10
5.91474359503e-09	1.00833640049e-10
5.95639651091e-09	-3.95356317129e-11
5.99804942678e-09	-1.6501752742e-10
6.03970234265e-09	-2.46248854641e-10
6.08135525852e-09	-2.68431971095e-10
6.1230081744e-09	-2.24116281089e-10
6.16466109027e-09	-1.26866142591e-10
6.20631400614e-09	-4.63253675871e-13
6.24796692202e-09	1.26122293165e-10
6.28961983789e-09	2.16911766326e-10
6.33127275376e-09	2.46297926498e-10
6.37292566963e-09	2.01401562094e-10
6.41457858551e-09	8.86305751013e-11
6.45623150138e-09	-5.96944785269e-11
6.49788441725e-09	-2.03657868347e-10
6.53953733313e-09	-2.98539082344e-10
6.581190249e-09	-3.14356873865e-10
6.62284316487e-09	-2.4541726984e-10
6.66449608075e-09	-1.06352530949e-10
6.70614899662e-09	6.81476888809e-11
6.74780191249e-09	2.34242986119e-10
6.78945482836e-09	3.55283774622e-10
6.83110774424e-09	4.04748318195e-10
6.87276066011e-09	3.74325626051e-10
6.91441357598e-09	2.72967037862e-10
6.95606649186e-09	1.2160095153e-10
6.99771940773e-09	-5.12333682423e-11
7.0393723236e-09	-2.13389222958e-10
7.08102523947e-09	-3.3547145617e-10
7.12267815535e-09	-3.93753973871e-10
7.16433107122e-09	-3.76879139008e-10
7.20598398709e-09	-2.90212243126e-10
7.24763690297e-09	-1.49076528899e-10
7.28928981884e-09	1.1489477772e-11
7.33094273471e-09	1.58801333194e-10
7.37259565059e-09	2.57819876559e-10
7.41424856646e-09	2.87068396831e-10
7.45590148233e-09	2.43651626652e-10
7.4975543982e-09	1.46484518959e-10
7.53920731408e-09	2.55460617937e-11
7.58086022995e-09	-8.04234179252e-11
7.62251314582e-09	-1.46196846296e-10
7.6641660617e-09	-1.59009083678e-10
7.70581897757e-09	-1.25547475194e-10
7.74747189344e-09	-6.69794081309e-11
7.78912480931e-09	-4.01587140278e-12
7.83077772519e-09	4.45545406125e-11
7.87243064106e-09	7.05493302666e-11
7.91408355693e-09	7.85229381517e-11
7.95573647281e-09	7.38688138435e-11
7.99738938868e-09	6.42838143827e-11
8.03904230455e-09	5.64008735549e-11
8.08069522043e-09	4.92959423282e-11
8.1223481363e-09	4.39079501924e-11
8.16400105217e-09	3.55478632641e-11
8.20565396804e-09	2.28210107062e-11
8.24730688392e-09	9.08218812656e-13
8.28895979979e-09	-3.171570645e-11
8.33061271566e-09	-7.24875923175e-11
8.37226563154e-09	-1.14384390848e-10
8.41391854741e-09	-1.47797066252e-10
8.45557146328e-09	-1.60376600888e-10
8.49722437915e-09	-1.47303322318e-10
8.53887729503e-09	-1.06551080459e-10
8.5805302109e-09	-4.66821546696e-11
8.62218312677e-09	2.2083909354e-11
8.66383604265e-09	8.51475973063e-11
8.70548895852e-09	1.31746072385e-10
8.74714187439e-09	1.55300466931e-10
8.78879479027e-09	1.54958976206e-10
8.83044770614e-09	1.33819094694e-10
8.87210062201e-09	9.91904614001e-11
8.91375353788e-09	6.0026587867e-11
8.95540645376e-09	2.12314454212e-11
8.99705936963e-09	-1.15978034468e-11
9.0387122855e-09	-3.84286630295e-11
9.08036520138e-09	-6.12276063183e-11
9.12201811725e-09	-7.78287712055e-11
9.16367103312e-09	-8.62163604398e-11
9.20532394899e-09	-8.16778034096e-11
9.24697686487e-09	-5.99187713335e-11
9.28862978074e-09	-2.30732377648e-11
9.33028269661e-09	2.11600823669e-11
9.37193561249e-09	5.92617968587e-11
9.41358852836e-09	7.80326775418e-11
9.45524144423e-09	7.03249819489e-11
9.49689436011e-09	3.47367482001e-11
9.53854727598e-09	-2.04592835729e-11
9.58020019185e-09	-8.0474904518e-11
9.62185310772e-09	-1.32692856702e-10
9.6635060236e-09	-1.61172825086e-10
9.70515893947e-09	-1.58082283375e-10
9.74681185534e-09	-1.20256637981e-10
9.78846477122e-09	-5.07537137318e-11
9.83011768709e-09	3.81791404047e-11
9.87177060296e-09	1.30249422359e-10
9.91342351883e-09	2.04912559143e-10
9.95507643471e-09	2.44050557541e-10
9.99672935058e-09	2.39063380203e-10
1.00383822665e-08	1.87198645474e-10
1.00800351823e-08	1.01355743243e-10
1.01216880982e-08	1.90167781695e-12
1.01633410141e-08	-8.98718391373e-11
1.02049939299e-08	-1.51728934972e-10
1.02466468458e-08	-1.72404493459e-10
1.02882997617e-08	-1.52480722493e-10
1.03299526776e-08	-1.03029751397e-10
1.03716055934e-08	-4.54467054267e-11
1.04132585093e-08	-1.74386405923e-12
1.04549114252e-08	1.35707122623e-11
1.04965643411e-08	-4.01924153681e-13
1.05382172569e-08	-3.00580220436e-11
1.05798701728e-08	-5.35810840141e-11
1.06215230887e-08	-5.37267869083e-11
1.06631760045e-08	-2.37913126699e-11
1.07048289204e-08	2.65380148412e-11
1.07464818363e-08	7.51507744923e-11
1.07881347522e-08	1.03524307182e-10
1.0829787668e-08	9.69826718933e-11
1.08714405839e-08	5.89508580839e-11
1.09130934998e-08	4.51263549098e-12
1.09547464157e-08	-4.58625741551e-11
1.09963993315e-08	-7.35346644687e-11
1.10380522474e-08	-6.94707763538e-11
1.10797051633e-08	-3.61530388959e-11
1.11213580791e-08	1.70469263705e-11
1.1163010995e-08	7.41099404067e-11
1.12046639109e-08	1.20677912108e-10
1.12463168268e-08	1.44133122104e-10
1.12879697426e-08	1.35726985206e-10
1.13296226585e-08	9.56649412465e-11
1.13712755744e-08	2.96786380194e-11
1.14129284903e-08	-5.00344279897e-11
1.14545814061e-08	-1.26598703742e-10
1.1496234322e-08	-1.84052759145e-10
1.15378872379e-08	-2.06739278474e-10
1.15795401538e-08	-1.87811724506e-10
1.16211930696e-08	-1.30239638518e-10
1.16628459855e-08	-4.72713326816e-11
1.17044989014e-08	3.71329286764e-11
1.17461518172e-08	1.0086963903e-10
1.17878047331e-08	1.25772198212e-10
1.1829457649e-08	1.0842415854e-10
1.18711105649e-08	6.11009645657e-11
1.19127634807e-08	6.93250404998e-12
1.19544163966e-08	-2.89461579706e-11
1.19960693125e-08	-3.02853402079e-11
1.20377222284e-08	2.21756922721e-12
1.20793751442e-08	5.14720939482e-11
1.21210280601e-08	9.17635412101e-11
1.2162680976e-08	1.02074348973e-10
1.22043338918e-08	7.47184397687e-11
1.22459868077e-08	1.93499070933e-11
1.22876397236e-08	-4.31225888331e-11
1.23292926395e-08	-8.87087625578e-11
1.23709455553e-08	-1.00111419155e-10
1.24125984712e-08	-7.4342226819e-11
1.24542513871e-08	-2.01166201752e-11
1.2495904303e-08	4.07517318501e-11
1.25375572188e-08	8.63192364808e-11
1.25792101347e-08	9.88993054118e-11
1.26208630506e-08	7.09499889395e-11
1.26625159664e-08	8.88444526281e-12
1.27041688823e-08	-7.23556978222e-11
1.27458217982e-08	-1.49845941211e-10
1.27874747141e-08	-2.01941185995e-10
1.28291276299e-08	-2.12147174827e-10
1.28707805458e-08	-1.73656505842e-10
1.29124334617e-08	-9.29202617628e-11
1.29540863776e-08	1.47267597422e-11
1.29957392934e-08	1.27549582007e-10
1.30373922093e-08	2.20252482919e-10
1.30790451252e-08	2.73087635838e-10
1.31206980411e-08	2.72526390344e-10
1.31623509569e-08	2.16179005252e-10
1.32040038728e-08	1.17316420467e-10
1.32456567887e-08	-8.85230690834e-13
1.32873097045e-08	-1.0886749835e-10
1.33289626204e-08	-1.78676407003e-10
1.33706155363e-08	-1.97864669094e-10
1.34122684522e-08	-1.65809616037e-10
1.3453921368e-08	-1.00915678591e-10
1.34955742839e-08	-2.71756575576e-11
1.35372271998e-08	3.16082299223e-11
1.35788801157e-08	6.10226036368e-11
1.36205330315e-08	5.98399524376e-11
1.36621859474e-08	3.88359899794e-11
1.37038388633e-08	1.1522619664e-11
1.37454917791e-08	-8.14838647945e-12
1.3787144695e-08	-1.35339968399e-11
1.38287976109e-08	-5.63181402555e-12
1.38704505268e-08	9.19612910127e-12
1.39121034426e-08	2.13395950216e-11
1.39537563585e-08	2.01925507565e-11
1.39954092744e-08	1.99881669376e-12
1.40370621903e-08	-3.13362114035e-11
1.40787151061e-08	-7.06738625955e-11
1.4120368022e-08	-9.99441016059e-11
1.41620209379e-08	-1.0595629929e-10
1.42036738537e-08	-7.91180870818e-11
1.42453267696e-08	-2.16375667383e-11
1.42869796855e-08	5.60978277719e-11
1.43286326014e-08	1.36105585136e-10
1.43702855172e-08	1.96785643336e-10
1.44119384331e-08	2.21531737399e-10
1.4453591349e-08	2.02525149429e-10
1.44952442649e-08	1.40278899607e-10
1.45368971807e-08	4.97739280347e-11
1.45785500966e-08	-5.1927368655e-11
1.46202030125e-08	-1.41108624785e-10
1.46618559283e-08	-2.00663277661e-10
1.47035088442e-08	-2.20200135903e-10
1.47451617601e-08	-2.0150961455e-10
1.4786814676e-08	-1.55802232227e-10
1.48284675918e-08	-9.85571207979e-11
1.48701205077e-08	-4.12083769885e-11
1.49117734236e-08	9.52782644448e-12
1.49534263395e-08	5.46221158582e-11
1.49950792553e-08	9.6763264068e-11
1.50367321712e-08	1.32389016416e-10
1.50783850871e-08	1.54890628101e-10
1.5120038003e-08	1.5267609399e-10
1.51616909188e-08	1.18754700518e-10
1.52033438347e-08	5.58041460264e-11
1.52449967506e-08	-2.14637387724e-11
1.52866496664e-08	-9.17965703451e-11
1.53283025823e-08	-1.33913297118e-10
1.53699554982e-08	-1.36596581268e-10
1.54116084141e-08	-1.00185817975e-10
1.54532613299e-08	-3.77186337719e-11
1.54949142458e-08	3.31928581843e-11
1.55365671617e-08	9.33479404885e-11
1.55782200776e-08	1.29824540007e-10
1.56198729934e-08	1.3531392673e-10
1.56615259093e-08	1.12077527814e-10
1.57031788252e-08	6.65022897861e-11
1.5744831741e-08	1.03163241838e-11
1.57864846569e-08	-4.59479850001e-11
1.58281375728e-08	-9.28133958578e-11
1.58697904887e-08	-1.24090848708e-10
1.59114434045e-08	-1.36888014812e-10
1.59530963204e-08	-1.29675506444e-10
1.59947492363e-08	-1.04160284564e-10
1.60364021522e-08	-6.48411047077e-11
1.6078055068e-08	-1.79054722438e-11
1.61197079839e-08	2.59336285086e-11
1.61613608998e-08	5.69812252937e-11
1.62030138156e-08	7.13040945732e-11
1.62446667315e-08	6.94777152477e-11
1.62863196474e-08	6.26487195454e-11
1.63279725633e-08	6.09972627963e-11
1.63696254791e-08	7.12801137559e-11
1.6411278395e-08	8.9583243601e-11
1.64529313109e-08	1.02013744674e-10
1.64945842268e-08	9.30456961479e-11
1.65362371426e-08	5.23304802269e-11
1.65778900585e-08	-1.66805683849e-11
1.66195429744e-08	-9.58442908372e-11
1.66611958903e-08	-1.59643603892e-10
1.67028488061e-08	-1.85776491413e-10
1.6744501722e-08	-1.62401855852e-10
1.67861546379e-08	-9.47232708937e-11
1.68278075537e-08	-3.01254897764e-12
1.68694604696e-08	8.63831298159e-11
1.69111133855e-08	1.48311904424e-10
1.69527663014e-08	1.67052829902e-10
1.69944192172e-08	1.39871975113e-10
1.70360721331e-08	7.73652253372e-11
1.7077725049e-08	-1.17490652624e-12
1.71193779649e-08	-7.55014453735e-11
1.71610308807e-08	-1.28241681163e-10
1.72026837966e-08	-1.516754361e-10
1.72443367125e-08	-1.46435655268e-10
1.72859896283e-08	-1.17709397784e-10
1.73276425442e-08	-7.22809034848e-11
1.73692954601e-08	-1.71695435647e-11
1.7410948376e-08	4.16265563685e-11
1.74526012918e-08	9.63365012763e-11
1.74942542077e-08	1.3648152053e-10
1.75359071236e-08	1.53621448895e-10
1.75775600395e-08	1.42355252586e-10
1.76192129553e-08	1.07016270845e-10
1.76608658712e-08	5.79893216779e-11
1.77025187871e-08	1.02572915439e-11
1.77441717029e-08	-2.38654720985e-11
1.77858246188e-08	-4.16283847671e-11
1.78274775347e-08	-4.73854774863e-11
1.78691304506e-08	-4.99744690075e-11
1.79107833664e-08	-5.84017625926e-11
1.79524362823e-08	-7.27234800157e-11
