% time-domain voltage integration by openEMS v0.0.35-98-gb49bd2a @Sat Jul 22 04:20:46 2023
% start-coordinates: (-0.00261,0.0168,0.00209497) m -> [2,101,20]
% stop-coordinates: (-0.00261,0.0098,0.00209497) m -> [2,23,20]
% t/s	voltage
0	-0
4.16467949991e-11	-1.18483860964e-18
8.32935899982e-11	9.22267191002e-11
1.24940384997e-10	-2.51345157534e-09
1.66587179996e-10	-1.53298610178e-09
2.08233974996e-10	-2.05409649966e-09
2.49880769995e-10	1.05598926521e-09
2.91527564994e-10	8.91715442458e-09
3.33174359993e-10	2.60023512444e-08
3.74821154992e-10	5.45925474132e-08
4.16467949991e-10	8.91341089548e-08
4.5811474499e-10	1.15320303473e-07
4.99761539989e-10	1.00896424493e-07
5.41408334988e-10	3.78990594897e-09
5.83055129987e-10	-2.1538640943e-07
6.24701924987e-10	-5.63552905009e-07
6.66348719986e-10	-9.80403612738e-07
7.07995514985e-10	-1.32240897033e-06
7.49642309984e-10	-1.38104630043e-06
7.91289104983e-10	-9.48661867728e-07
8.32935899982e-10	7.31521509756e-08
8.74582694981e-10	1.57527619082e-06
9.1622948998e-10	3.2026523753e-06
9.57876284979e-10	4.42638657283e-06
9.99523079978e-10	4.71857732975e-06
1.04116987498e-09	3.77199740687e-06
1.08281666998e-09	1.66413121594e-06
1.12446346498e-09	-1.11765611477e-06
1.16611025997e-09	-3.82047096803e-06
1.20775705497e-09	-5.68700753689e-06
1.24940384997e-09	-6.221388686e-06
1.29105064497e-09	-5.35048687844e-06
1.33269743997e-09	-3.42151138266e-06
1.37434423497e-09	-1.04522868227e-06
1.41599102997e-09	1.13256581047e-06
1.45763782497e-09	2.63825062685e-06
1.49928461997e-09	3.28013316331e-06
1.54093141497e-09	3.140470902e-06
1.58257820997e-09	2.4780113792e-06
1.62422500497e-09	1.59819350332e-06
1.66587179996e-09	7.48623628422e-07
1.70751859496e-09	7.19898563817e-08
1.74916538996e-09	-3.84987311364e-07
1.79081218496e-09	-6.33353432145e-07
1.83245897996e-09	-7.02428479826e-07
1.87410577496e-09	-6.23948507528e-07
1.91575256996e-09	-4.34626948875e-07
1.95739936496e-09	-1.86626615217e-07
1.99904615996e-09	5.29081961853e-08
2.04069295496e-09	2.16151623433e-07
2.08233974996e-09	2.59302210037e-07
2.12398654495e-09	1.80434049757e-07
2.16563333995e-09	2.03816352962e-08
2.20728013495e-09	-1.57107982957e-07
2.24892692995e-09	-2.87377201924e-07
2.29057372495e-09	-3.31044561541e-07
2.33222051995e-09	-2.81089824195e-07
2.37386731495e-09	-1.60169953967e-07
2.41551410995e-09	-7.47855665589e-09
2.45716090495e-09	1.36193403277e-07
2.49880769995e-09	2.38349010473e-07
2.54045449495e-09	2.79122150171e-07
2.58210128994e-09	2.53118084825e-07
2.62374808494e-09	1.68327691286e-07
2.66539487994e-09	4.60386298251e-08
2.70704167494e-09	-8.41740274149e-08
2.74868846994e-09	-1.89928913985e-07
2.79033526494e-09	-2.43752898754e-07
2.83198205994e-09	-2.31950478324e-07
2.87362885494e-09	-1.58467007627e-07
2.91527564994e-09	-4.45523685166e-08
2.95692244494e-09	7.76671183755e-08
2.99856923994e-09	1.7519345108e-07
3.04021603493e-09	2.22573830644e-07
3.08186282993e-09	2.09147526853e-07
3.12350962493e-09	1.41007301502e-07
3.16515641993e-09	3.85967406785e-08
3.20680321493e-09	-7.00025304112e-08
3.24845000993e-09	-1.56063842238e-07
3.29009680493e-09	-1.97596241092e-07
3.33174359993e-09	-1.85227143068e-07
3.37339039493e-09	-1.2410245942e-07
3.41503718993e-09	-3.22754222376e-08
3.45668398493e-09	6.44947063394e-08
3.49833077992e-09	1.39609041661e-07
3.53997757492e-09	1.73737872089e-07
3.58162436992e-09	1.59550802847e-07
3.62327116492e-09	1.03258709194e-07
3.66491795992e-09	2.21078958751e-08
3.70656475492e-09	-6.08754365666e-08
3.74821154992e-09	-1.23888334008e-07
3.78985834492e-09	-1.51757135802e-07
3.83150513992e-09	-1.39183052694e-07
3.87315193492e-09	-9.18639170844e-08
3.91479872992e-09	-2.33454741372e-08
3.95644552491e-09	4.81991861007e-08
3.99809231991e-09	1.05288357671e-07
4.03973911491e-09	1.34305755406e-07
4.08138590991e-09	1.2929943119e-07
4.12303270491e-09	9.25965368548e-08
4.16467949991e-09	3.38212333556e-08
4.20632629491e-09	-3.17347085416e-08
4.24797308991e-09	-8.78354052825e-08
4.28961988491e-09	-1.20427495948e-07
4.33126667991e-09	-1.21695138022e-07
4.37291347491e-09	-9.16392402517e-08
4.4145602699e-09	-3.84118855473e-08
4.4562070649e-09	2.37624553784e-08
4.4978538599e-09	7.8320667285e-08
4.5395006549e-09	1.10572008216e-07
4.5811474499e-09	1.1224932997e-07
4.6227942449e-09	8.33780416931e-08
4.6644410399e-09	3.24896975989e-08
4.7060878349e-09	-2.56705052978e-08
4.7477346299e-09	-7.48395708461e-08
4.7893814249e-09	-1.0168019271e-07
4.8310282199e-09	-9.96720467827e-08
4.8726750149e-09	-7.07563691804e-08
4.91432180989e-09	-2.44237440689e-08
4.95596860489e-09	2.5489346786e-08
4.99761539989e-09	6.51857651607e-08
5.03926219489e-09	8.45410562389e-08
5.08090898989e-09	8.01312102228e-08
5.12255578489e-09	5.52442726981e-08
5.16420257989e-09	1.85443008519e-08
5.20584937489e-09	-1.89136021428e-08
5.24749616989e-09	-4.72387434169e-08
5.28914296489e-09	-6.00569572407e-08
5.33078975989e-09	-5.6072157445e-08
5.37243655488e-09	-3.84937796361e-08
5.41408334988e-09	-1.34256874576e-08
5.45573014488e-09	1.20134291751e-08
5.49737693988e-09	3.19007809474e-08
5.53902373488e-09	4.22968219477e-08
5.58067052988e-09	4.18651531081e-08
5.62231732488e-09	3.16234103973e-08
5.66396411988e-09	1.41560816021e-08
5.70561091488e-09	-6.36352296551e-09
5.74725770988e-09	-2.55858707554e-08
5.78890450488e-09	-3.90509986709e-08
5.83055129987e-09	-4.33503129782e-08
5.87219809487e-09	-3.69085327023e-08
5.91384488987e-09	-2.05899990599e-08
5.95549168487e-09	1.9015119427e-09
5.99713847987e-09	2.5047020541e-08
6.03878527487e-09	4.22780271209e-08
6.08043206987e-09	4.84690255709e-08
6.12207886487e-09	4.1130100964e-08
6.16372565987e-09	2.16979801071e-08
6.20537245487e-09	-4.56098964846e-09
6.24701924987e-09	-3.00284178009e-08
6.28866604486e-09	-4.67131527765e-08
6.33031283986e-09	-4.9244707187e-08
6.37195963486e-09	-3.64916016155e-08
6.41360642986e-09	-1.22781703554e-08
6.45525322486e-09	1.5779607461e-08
6.49690001986e-09	3.89663174366e-08
6.53854681486e-09	5.01505742073e-08
6.58019360986e-09	4.62858622818e-08
6.62184040486e-09	2.91691186066e-08
6.66348719986e-09	4.5238565706e-09
6.70513399486e-09	-1.98884074279e-08
6.74678078985e-09	-3.73486713223e-08
6.78842758485e-09	-4.38321308971e-08
6.83007437985e-09	-3.91215841528e-08
6.87172117485e-09	-2.61610311816e-08
6.91336796985e-09	-9.51052762238e-09
6.95501476485e-09	6.27854024673e-09
6.99666155985e-09	1.81534153196e-08
7.03830835485e-09	2.48002616915e-08
7.07995514985e-09	2.65578016315e-08
7.12160194485e-09	2.44222035789e-08
7.16324873985e-09	1.92766758111e-08
7.20489553484e-09	1.17448869484e-08
7.24654232984e-09	2.28289390516e-09
7.28818912484e-09	-8.12906661776e-09
7.32983591984e-09	-1.75886102349e-08
7.37148271484e-09	-2.36233736323e-08
7.41312950984e-09	-2.39269883351e-08
7.45477630484e-09	-1.75387264018e-08
7.49642309984e-09	-5.59653761008e-09
7.53806989484e-09	8.55139086278e-09
7.57971668984e-09	2.03946522379e-08
7.62136348484e-09	2.58398752326e-08
7.66301027983e-09	2.26689522362e-08
7.70465707483e-09	1.19093495968e-08
7.74630386983e-09	-2.92240711405e-09
7.78795066483e-09	-1.65396293536e-08
7.82959745983e-09	-2.4273551634e-08
7.87124425483e-09	-2.35573086871e-08
7.91289104983e-09	-1.49332422018e-08
7.95453784483e-09	-1.89472731515e-09
7.99618463983e-09	1.07436331671e-08
8.03783143483e-09	1.82542533589e-08
8.07947822983e-09	1.82058177492e-08
8.12112502483e-09	1.10176235531e-08
8.16277181982e-09	-2.37892106059e-10
8.20441861482e-09	-1.09281592837e-08
8.24606540982e-09	-1.69219587995e-08
8.28771220482e-09	-1.60009439726e-08
8.32935899982e-09	-8.69285561936e-09
8.37100579482e-09	2.12762161708e-09
8.41265258982e-09	1.24495227842e-08
8.45429938482e-09	1.87192348358e-08
8.49594617982e-09	1.91749216505e-08
8.53759297482e-09	1.41958587316e-08
8.57923976982e-09	6.0137182404e-09
8.62088656481e-09	-2.4023866221e-09
8.66253335981e-09	-8.71894363999e-09
8.70418015481e-09	-1.17265570344e-08
8.74582694981e-09	-1.17825200256e-08
8.78747374481e-09	-1.00346066595e-08
8.82912053981e-09	-7.78364592224e-09
8.87076733481e-09	-5.77130237871e-09
8.91241412981e-09	-3.94456711392e-09
8.95406092481e-09	-1.83197874752e-09
8.99570771981e-09	1.15156971675e-09
9.03735451481e-09	4.85524957392e-09
9.0790013098e-09	8.41659106646e-09
9.1206481048e-09	1.04580205849e-08
9.1622948998e-09	9.61971940994e-09
9.2039416948e-09	5.59386056746e-09
9.2455884898e-09	-7.43497087464e-10
9.2872352848e-09	-7.35140897462e-09
9.3288820798e-09	-1.17429159938e-08
9.3705288748e-09	-1.21184106014e-08
9.4121756698e-09	-7.98480083962e-09
9.4538224648e-09	-6.94811732238e-10
9.4954692598e-09	7.3101736088e-09
9.53711605479e-09	1.31518443601e-08
9.57876284979e-09	1.48457580049e-08
9.62040964479e-09	1.21694031484e-08
9.66205643979e-09	6.35165381228e-09
9.70370323479e-09	-1.5767052115e-10
9.74535002979e-09	-5.14524424802e-09
9.78699682479e-09	-7.34693601269e-09
9.82864361979e-09	-6.91297305337e-09
9.87029041479e-09	-5.12291797525e-09
9.91193720979e-09	-3.58257470391e-09
9.95358400479e-09	-3.50442598638e-09
9.99523079978e-09	-4.81715664406e-09
1.00368775948e-08	-6.53268771543e-09
1.00785243898e-08	-7.06247354869e-09
1.01201711848e-08	-5.21529418956e-09
1.01618179798e-08	-9.54105463906e-10
1.02034647748e-08	4.56229677995e-09
1.02451115698e-08	9.25297161808e-09
1.02867583648e-08	1.1261398189e-08
1.03284051598e-08	9.6084433604e-09
1.03700519548e-08	4.96704822585e-09
1.04116987498e-08	-6.42645172537e-10
1.04533455448e-08	-4.81062112888e-09
1.04949923398e-08	-5.6594944009e-09
1.05366391348e-08	-3.0186846009e-09
1.05782859298e-08	1.63409317935e-09
1.06199327248e-08	5.80935865732e-09
1.06615795198e-08	7.17276127729e-09
1.07032263148e-08	4.81921399141e-09
1.07448731098e-08	-4.3400862472e-10
1.07865199048e-08	-6.23160143973e-09
1.08281666998e-08	-9.88127335511e-09
1.08698134948e-08	-9.58404947071e-09
1.09114602898e-08	-5.21877596693e-09
1.09531070848e-08	1.44095398807e-09
1.09947538798e-08	7.61723851703e-09
1.10364006748e-08	1.0573850729e-08
1.10780474698e-08	8.86373884706e-09
1.11196942648e-08	2.97962582645e-09
1.11613410598e-08	-4.96810923477e-09
1.12029878548e-08	-1.18621268572e-08
1.12446346498e-08	-1.50723035615e-08
1.12862814448e-08	-1.32876456643e-08
1.13279282398e-08	-7.13390786028e-09
1.13695750348e-08	1.1510668408e-09
1.14112218298e-08	8.71187920068e-09
1.14528686248e-08	1.30855176764e-08
1.14945154198e-08	1.33229493306e-08
1.15361622148e-08	1.00219028389e-08
1.15778090098e-08	5.06392677097e-09
1.16194558047e-08	6.31733414929e-10
1.16611025997e-08	-1.8840998978e-09
1.17027493947e-08	-2.14513172069e-09
1.17443961897e-08	-1.06057872944e-09
1.17860429847e-08	-7.276278361e-12
1.18276897797e-08	-1.70305310978e-10
1.18693365747e-08	-1.95286258562e-09
1.19109833697e-08	-4.66274879644e-09
1.19526301647e-08	-7.02326483949e-09
1.19942769597e-08	-7.52993221942e-09
1.20359237547e-08	-5.47475168672e-09
1.20775705497e-08	-1.24312523123e-09
1.21192173447e-08	3.77891165408e-09
1.21608641397e-08	7.50610697556e-09
1.22025109347e-08	8.33070788742e-09
1.22441577297e-08	5.65581077631e-09
1.22858045247e-08	3.69813252937e-10
1.23274513197e-08	-5.43372448078e-09
1.23690981147e-08	-9.32335630574e-09
1.24107449097e-08	-9.60350949111e-09
1.24523917047e-08	-6.19587252511e-09
1.24940384997e-08	-5.00887831646e-10
1.25356852947e-08	5.05980931979e-09
1.25773320897e-08	8.28846005371e-09
1.26189788847e-08	8.18071808212e-09
1.26606256797e-08	5.30880874851e-09
1.27022724747e-08	1.48282487244e-09
1.27439192697e-08	-1.10636541768e-09
1.27855660647e-08	-1.0055458818e-09
1.28272128597e-08	1.73933403704e-09
1.28688596547e-08	5.58448607496e-09
1.29105064497e-08	8.1840086201e-09
1.29521532447e-08	7.38530041115e-09
1.29938000397e-08	2.4905548986e-09
1.30354468347e-08	-5.36722399337e-09
1.30770936297e-08	-1.35120241454e-08
1.31187404247e-08	-1.86346644851e-08
1.31603872197e-08	-1.83834765952e-08
1.32020340147e-08	-1.2281119538e-08
1.32436808097e-08	-2.26482337138e-09
1.32853276047e-08	8.14045837162e-09
1.33269743997e-08	1.51880082053e-08
1.33686211947e-08	1.64618208717e-08
1.34102679897e-08	1.20287112701e-08
1.34519147847e-08	4.12469587478e-09
1.34935615797e-08	-3.63220526919e-09
1.35352083747e-08	-8.07726658128e-09
1.35768551697e-08	-7.72702885357e-09
1.36185019647e-08	-3.33750106198e-09
1.36601487597e-08	2.48276312703e-09
1.37017955547e-08	6.66414856978e-09
1.37434423497e-08	6.98862589847e-09
1.37850891447e-08	3.17245173707e-09
1.38267359397e-08	-3.05952139665e-09
1.38683827347e-08	-8.75287381116e-09
1.39100295297e-08	-1.09782673056e-08
1.39516763247e-08	-8.32197491474e-09
1.39933231197e-08	-1.38006125191e-09
1.40349699147e-08	7.24232331051e-09
1.40766167097e-08	1.40671244861e-08
1.41182635047e-08	1.62583437824e-08
1.41599102997e-08	1.26689086583e-08
1.42015570947e-08	4.52459791682e-09
1.42432038897e-08	-5.30847628008e-09
1.42848506847e-08	-1.33398827297e-08
1.43264974797e-08	-1.70077029127e-08
1.43681442747e-08	-1.55907979964e-08
1.44097910697e-08	-1.02291766377e-08
1.44514378647e-08	-3.43020998932e-09
1.44930846597e-08	2.339691621e-09
1.45347314547e-08	5.48093468354e-09
1.45763782497e-08	5.82858878176e-09
1.46180250447e-08	4.55935074764e-09
1.46596718397e-08	3.29364190348e-09
1.47013186347e-08	3.37788105733e-09
1.47429654297e-08	5.09612670813e-09
1.47846122247e-08	7.59454816396e-09
1.48262590197e-08	9.28453785382e-09
1.48679058147e-08	8.59140042789e-09
1.49095526097e-08	4.87951274525e-09
1.49511994047e-08	-1.26401511653e-09
1.49928461997e-08	-8.0101736858e-09
1.50344929947e-08	-1.30106849079e-08
1.50761397897e-08	-1.43878598653e-08
1.51177865847e-08	-1.14578881313e-08
1.51594333797e-08	-5.18674204454e-09
1.52010801747e-08	2.229716951e-09
1.52427269697e-08	8.19722388232e-09
1.52843737647e-08	1.08009733102e-08
1.53260205597e-08	9.54391096014e-09
1.53676673547e-08	5.36966713975e-09
1.54093141497e-08	2.86642552034e-10
1.54509609447e-08	-3.80074053653e-09
1.54926077397e-08	-5.6681949967e-09
1.55342545347e-08	-5.32886948977e-09
1.55759013297e-08	-3.77916502606e-09
1.56175481247e-08	-2.34089307313e-09
1.56591949197e-08	-1.94593771478e-09
1.57008417147e-08	-2.51196913877e-09
1.57424885097e-08	-3.15294411933e-09
1.57841353047e-08	-2.58234754413e-09
1.58257820997e-08	4.34722865887e-12
1.58674288947e-08	4.35428186216e-09
1.59090756897e-08	9.12517238508e-09
1.59507224847e-08	1.22813376864e-08
1.59923692797e-08	1.21360081706e-08
1.60340160747e-08	8.09868938058e-09
1.60756628697e-08	1.21482153373e-09
1.61173096647e-08	-6.1576345585e-09
1.61589564597e-08	-1.13312264641e-08
1.62006032547e-08	-1.2408842464e-08
1.62422500497e-08	-9.18718097778e-09
1.62838968446e-08	-3.27674658761e-09
1.63255436396e-08	2.62527815546e-09
1.63671904346e-08	5.90800858409e-09
1.64088372296e-08	5.31145204902e-09
1.64504840246e-08	1.35839579732e-09
1.64921308196e-08	-3.72133788108e-09
1.65337776146e-08	-7.2133413357e-09
1.65754244096e-08	-7.14923034488e-09
1.66170712046e-08	-3.20489648015e-09
1.66587179996e-08	3.04554429939e-09
1.67003647946e-08	8.90407711451e-09
1.67420115896e-08	1.17225087901e-08
1.67836583846e-08	1.01479272034e-08
1.68253051796e-08	4.65740580477e-09
1.68669519746e-08	-2.64610759779e-09
1.69085987696e-08	-8.84674707796e-09
1.69502455646e-08	-1.16554040377e-08
1.69918923596e-08	-1.01349699466e-08
1.70335391546e-08	-5.126558799e-09
1.70751859496e-08	1.21291918089e-09
1.71168327446e-08	6.47823213649e-09
1.71584795396e-08	8.95219521083e-09
1.72001263346e-08	8.32741032727e-09
1.72417731296e-08	5.59426290708e-09
1.72834199246e-08	2.42611485676e-09
1.73250667196e-08	2.88095383487e-10
1.73667135146e-08	-3.84391903615e-10
1.74083603096e-08	-1.12887054413e-10
1.74500071046e-08	-1.38755266937e-10
1.74916538996e-08	-1.49340879897e-09
1.75333006946e-08	-4.32212921703e-09
1.75749474896e-08	-7.78022487234e-09
1.76165942846e-08	-1.02158369542e-08
1.76582410796e-08	-1.01248281148e-08
1.76998878746e-08	-6.82154380205e-09
1.77415346696e-08	-1.01588314974e-09
1.77831814646e-08	5.49873584166e-09
1.78248282596e-08	1.0489350586e-08
1.78664750546e-08	1.21765498101e-08
1.79081218496e-08	1.00661791194e-08
1.79497686446e-08	5.03231574467e-09
1.79914154396e-08	-9.14296233124e-10
1.80330622346e-08	-5.51362768289e-09
1.80747090296e-08	-7.1226579617e-09
1.81163558246e-08	-5.43608664159e-09
1.81580026196e-08	-1.52381150883e-09
1.81996494146e-08	2.6491957265e-09
1.82412962096e-08	5.1248509568e-09
1.82829430046e-08	4.82824786055e-09
1.83245897996e-08	2.06349302142e-09
1.83662365946e-08	-1.73441007129e-09
1.84078833896e-08	-4.56976713588e-09
1.84495301846e-08	-4.96522263756e-09
1.84911769796e-08	-2.64074029484e-09
1.85328237746e-08	1.30328114099e-09
1.85744705696e-08	4.85095042087e-09
1.86161173646e-08	6.08749462297e-09
1.86577641596e-08	4.02068027223e-09
1.86994109546e-08	-7.92611487294e-10
1.87410577496e-08	-6.50501202036e-09
1.87827045446e-08	-1.06875745996e-08
1.88243513396e-08	-1.13617675893e-08
1.88659981346e-08	-7.92418838533e-09
1.89076449296e-08	-1.3939038296e-09
1.89492917246e-08	5.82688458768e-09
1.89909385196e-08	1.10234412015e-08
1.90325853146e-08	1.222967504e-08
1.90742321096e-08	9.1173459893e-09
1.91158789046e-08	3.16252000976e-09
1.91575256996e-08	-2.97575432177e-09
1.91991724946e-08	-6.61450261751e-09
1.92408192896e-08	-6.27865832416e-09
1.92824660846e-08	-2.36064661655e-09
1.93241128796e-08	3.03232865206e-09
1.93657596746e-08	7.00099341867e-09
1.94074064696e-08	7.38715958369e-09
1.94490532646e-08	3.61858473307e-09
1.94907000596e-08	-2.77151658915e-09
1.95323468546e-08	-8.92147961062e-09
1.95739936496e-08	-1.19145157212e-08
1.96156404446e-08	-1.00916650106e-08
1.96572872396e-08	-3.89704963352e-09
1.96989340346e-08	4.34144200451e-09
1.97405808296e-08	1.12655327983e-08
1.97822276246e-08	1.39761736941e-08
1.98238744196e-08	1.12598086723e-08
1.98655212146e-08	3.96110632402e-09
1.99071680096e-08	-5.15677820064e-09
1.99488148046e-08	-1.27211806332e-08
1.99904615996e-08	-1.59717732894e-08
2.00321083946e-08	-1.39015313913e-08
2.00737551896e-08	-7.56456954888e-09
2.01154019846e-08	4.7155041948e-10
2.01570487796e-08	7.25609204145e-09
2.01986955746e-08	1.07310931391e-08
2.02403423696e-08	1.04544815825e-08
2.02819891646e-08	7.5812691229e-09
2.03236359596e-08	4.13476330952e-09
2.03652827546e-08	1.88276518508e-09
2.04069295496e-08	1.55086325769e-09
2.04485763446e-08	2.5426251573e-09
2.04902231396e-08	3.41454554041e-09
2.05318699346e-08	2.77234413638e-09
2.05735167296e-08	6.08446426516e-12
2.06151635246e-08	-4.29986183464e-09
2.06568103196e-08	-8.65818153284e-09
2.06984571146e-08	-1.13237700709e-08
2.07401039096e-08	-1.10894057131e-08
2.07817507046e-08	-7.83556506311e-09
2.08233974996e-08	-2.5579339636e-09
2.08650442946e-08	2.91916888492e-09
2.09066910895e-08	6.78249164471e-09
2.09483378845e-08	7.85187158521e-09
2.09899846795e-08	6.11624260613e-09
2.10316314745e-08	2.70394457345e-09
2.10732782695e-08	-6.65822738524e-10
2.11149250645e-08	-2.41953781923e-09
2.11565718595e-08	-1.89682907836e-09
2.11982186545e-08	3.76778124108e-10
2.12398654495e-08	2.92698402928e-09
2.12815122445e-08	4.07507263697e-09
2.13231590395e-08	2.81783320809e-09
2.13648058345e-08	-6.50862909792e-10
2.14064526295e-08	-4.86062560687e-09
2.14480994245e-08	-7.77644332435e-09
2.14897462195e-08	-7.66742792174e-09
2.15313930145e-08	-3.96899951707e-09
2.15730398095e-08	2.38258727157e-09
2.16146866045e-08	9.212074846e-09
2.16563333995e-08	1.39101600447e-08
2.16979801945e-08	1.44453851901e-08
2.17396269895e-08	1.01728109859e-08
2.17812737845e-08	2.23433135448e-09
2.18229205795e-08	-6.8430830464e-09
2.18645673745e-08	-1.40960797271e-08
2.19062141695e-08	-1.71522701042e-08
2.19478609645e-08	-1.52430381165e-08
2.19895077595e-08	-9.42915051941e-09
2.20311545545e-08	-2.1092280587e-09
2.20728013495e-08	4.01242133095e-09
2.21144481445e-08	7.09778006161e-09
2.21560949395e-08	6.85060652823e-09
2.21977417345e-08	4.56225487076e-09
2.22393885295e-08	2.20898958674e-09
2.22810353245e-08	1.44733409589e-09
2.23226821195e-08	2.79346848691e-09
2.23643289145e-08	5.29136120163e-09
2.24059757095e-08	7.20191984348e-09
2.24476225045e-08	6.81608348582e-09
2.24892692995e-08	3.45974964216e-09
2.25309160945e-08	-2.11670591124e-09
2.25725628895e-08	-7.91122911452e-09
2.26142096845e-08	-1.15626859649e-08
2.26558564795e-08	-1.13570409049e-08
2.26975032745e-08	-7.03179146508e-09
2.27391500695e-08	3.38408209909e-11
2.27807968645e-08	7.21913391219e-09
2.28224436595e-08	1.18673725083e-08
2.28640904545e-08	1.22084190604e-08
2.29057372495e-08	8.21854231892e-09
2.29473840445e-08	1.5306437836e-09
2.29890308395e-08	-5.27649204538e-09
2.30306776345e-08	-9.78147337086e-09
2.30723244295e-08	-1.0789843078e-08
2.31139712245e-08	-8.59969764497e-09
2.31556180195e-08	-4.78383415693e-09
2.31972648145e-08	-1.22854465316e-09
2.32389116095e-08	7.39902653903e-10
2.32805584045e-08	9.16741002771e-10
2.33222051995e-08	1.78129976223e-10
2.33638519945e-08	-2.05774301461e-10
2.34054987895e-08	7.47479860994e-10
2.34471455845e-08	3.10054560325e-09
2.34887923795e-08	6.02661504381e-09
2.35304391745e-08	8.22771759404e-09
2.35720859695e-08	8.61375232253e-09
2.36137327645e-08	6.83417228711e-09
2.36553795595e-08	3.49580378967e-09
2.36970263545e-08	-1.56531220657e-10
2.37386731495e-08	-2.82364647115e-09
2.37803199445e-08	-3.80786691068e-09
2.38219667395e-08	-3.30404257773e-09
2.38636135345e-08	-2.32970721187e-09
2.39052603295e-08	-2.08894023693e-09
2.39469071245e-08	-3.29342542561e-09
2.39885539195e-08	-5.71175025332e-09
2.40302007145e-08	-8.12812693887e-09
2.40718475095e-08	-8.91339727027e-09
2.41134943045e-08	-6.83321551079e-09
2.41551410995e-08	-1.81574732984e-09
2.41967878945e-08	4.83317200151e-09
2.42384346895e-08	1.08008611395e-08
2.42800814845e-08	1.37342170484e-08
2.43217282795e-08	1.22646229873e-08
2.43633750745e-08	6.62492216641e-09
2.44050218695e-08	-1.2865865452e-09
2.44466686645e-08	-8.64869664774e-09
2.44883154595e-08	-1.2755486313e-08
2.45299622545e-08	-1.2112032835e-08
2.45716090495e-08	-6.97858943549e-09
2.46132558445e-08	6.88084138278e-10
2.46549026395e-08	8.01487917007e-09
2.46965494345e-08	1.23808911977e-08
2.47381962295e-08	1.23699409708e-08
2.47798430245e-08	8.32378107413e-09
2.48214898195e-08	2.15190739707e-09
2.48631366145e-08	-3.57981566265e-09
2.49047834095e-08	-6.69509293144e-09
2.49464302045e-08	-6.34373280468e-09
2.49880769995e-08	-3.34452176978e-09
2.50297237945e-08	2.96824441436e-10
2.50713705895e-08	2.31989366693e-09
2.51130173845e-08	1.41126113963e-09
2.51546641795e-08	-2.24890735635e-09
2.51963109745e-08	-6.90620643833e-09
2.52379577695e-08	-1.01034403066e-08
2.52796045645e-08	-9.88338413888e-09
2.53212513595e-08	-5.6929668913e-09
2.53628981545e-08	1.15153131865e-09
2.54045449495e-08	8.0860919939e-09
2.54461917445e-08	1.23208982218e-08
2.54878385395e-08	1.21653515178e-08
2.55294853344e-08	7.74576910945e-09
2.55711321294e-08	9.96307937193e-10
2.56127789244e-08	-5.20712453538e-09
2.56544257194e-08	-8.29160800436e-09
2.56960725144e-08	-7.11481625525e-09
2.57377193094e-08	-2.40743172879e-09
2.57793661044e-08	3.5356894617e-09
2.58210128994e-08	7.97668175088e-09
2.58626596944e-08	8.89943671534e-09
2.59043064894e-08	5.95908500149e-09
2.59459532844e-08	5.59850193765e-10
2.59876000794e-08	-4.82930085158e-09
2.60292468744e-08	-7.78649273704e-09
2.60708936694e-08	-7.12469456696e-09
2.61125404644e-08	-3.40766848506e-09
2.61541872594e-08	1.32245171888e-09
2.61958340544e-08	4.55152287041e-09
2.62374808494e-08	4.5073280646e-09
2.62791276444e-08	1.00271965644e-09
2.63207744394e-08	-4.38323609527e-09
2.63624212344e-08	-9.12686354965e-09
2.64040680294e-08	-1.08862621764e-08
2.64457148244e-08	-8.5661785755e-09
2.64873616194e-08	-2.8653602685e-09
2.65290084144e-08	4.09221471986e-09
2.65706552094e-08	9.71652231938e-09
2.66123020044e-08	1.20603824739e-08
2.66539487994e-08	1.0630029048e-08
2.66955955944e-08	6.4961616919e-09
2.67372423894e-08	1.71589439662e-09
2.67788891844e-08	-1.67563485786e-09
2.68205359794e-08	-2.52639411041e-09
2.68621827744e-08	-1.09277834915e-09
2.69038295694e-08	1.18510868957e-09
2.69454763644e-08	2.44186381011e-09
2.69871231594e-08	1.37273585251e-09
2.70287699544e-08	-2.07509730579e-09
2.70704167494e-08	-6.53374210118e-09
2.71120635444e-08	-9.81410149328e-09
2.71537103394e-08	-9.98652423256e-09
2.71953571344e-08	-6.33430797398e-09
2.72370039294e-08	1.46498955362e-10
2.72786507244e-08	7.06804706603e-09
2.73202975194e-08	1.1656640847e-08
2.73619443144e-08	1.18992857789e-08
2.74035911094e-08	7.47766853472e-09
2.74452379044e-08	-7.27539562476e-11
2.74868846994e-08	-7.96499173908e-09
2.75285314944e-08	-1.32571171853e-08
2.75701782894e-08	-1.40258580757e-08
2.76118250844e-08	-1.00075711745e-08
2.76534718794e-08	-2.74511445346e-09
2.76951186744e-08	5.14670656267e-09
2.77367654694e-08	1.09258340222e-08
2.77784122644e-08	1.27655715616e-08
2.78200590594e-08	1.04303966228e-08
2.78617058544e-08	5.27910610712e-09
2.79033526494e-08	-3.23588308275e-10
2.79449994444e-08	-4.03050808527e-09
2.79866462394e-08	-4.47552338766e-09
2.80282930344e-08	-1.8310519676e-09
2.80699398294e-08	2.26852253215e-09
2.81115866244e-08	5.5229174168e-09
2.81532334194e-08	5.97185588133e-09
2.81948802144e-08	2.91204893532e-09
2.82365270094e-08	-2.74763813785e-09
2.82781738044e-08	-8.89794161268e-09
2.83198205994e-08	-1.30758354179e-08
2.83614673944e-08	-1.35495332003e-08
2.84031141894e-08	-9.97730958963e-09
2.84447609844e-08	-3.5251228837e-09
2.84864077794e-08	3.57449644797e-09
2.85280545744e-08	9.00396940687e-09
2.85697013694e-08	1.11585680487e-08
2.86113481644e-08	9.7700774554e-09
2.86529949594e-08	5.86238422043e-09
2.86946417544e-08	1.24709377937e-09
2.87362885494e-08	-2.29165047355e-09
2.87779353444e-08	-3.78323341231e-09
2.88195821394e-08	-3.28898390901e-09
2.88612289344e-08	-1.79419223966e-09
2.89028757294e-08	-5.07623756181e-10
2.89445225244e-08	-1.69602770494e-10
2.89861693194e-08	-6.67418665256e-10
2.90278161144e-08	-1.16504232173e-09
2.90694629094e-08	-6.45184362966e-10
2.91111097044e-08	1.37442411965e-09
2.91527564994e-08	4.43711242054e-09
2.91944032944e-08	7.28436360536e-09
2.92360500894e-08	8.43198058945e-09
2.92776968844e-08	6.85624237592e-09
2.93193436794e-08	2.57312425273e-09
2.93609904744e-08	-3.28908130939e-09
2.94026372694e-08	-8.95776138335e-09
2.94442840644e-08	-1.2644162984e-08
2.94859308594e-08	-1.32688905141e-08
2.95275776544e-08	-1.08064236691e-08
2.95692244494e-08	-6.2370226761e-09
2.96108712444e-08	-1.05371210021e-09
2.96525180394e-08	3.29151480984e-09
2.96941648344e-08	5.93740852838e-09
2.97358116294e-08	6.85027704353e-09
2.97774584244e-08	6.64928160102e-09
2.98191052194e-08	6.19813953807e-09
2.98607520144e-08	6.05000065844e-09
2.99023988094e-08	6.1601537274e-09
2.99440456044e-08	5.87992191568e-09
2.99856923994e-08	4.44458558499e-09
3.00273391944e-08	1.44268404471e-09
3.00689859894e-08	-2.74346214236e-09
3.01106327844e-08	-6.95706562671e-09
3.01522795794e-08	-9.69904544873e-09
3.01939263743e-08	-9.7953734117e-09
3.02355731693e-08	-7.00146769207e-09
3.02772199643e-08	-2.19094073179e-09
3.03188667593e-08	2.95117097253e-09
3.03605135543e-08	6.60153192875e-09
3.04021603493e-08	7.53194953802e-09
3.04438071443e-08	5.62660698936e-09
3.04854539393e-08	1.83631883874e-09
3.05271007343e-08	-2.16067791263e-09
3.05687475293e-08	-4.76372427095e-09
3.06103943243e-08	-5.0138218733e-09
3.06520411193e-08	-3.09263417913e-09
3.06936879143e-08	-1.50389411211e-10
3.07353347093e-08	2.2013807062e-09
3.07769815043e-08	2.62615535481e-09
3.08186282993e-08	7.67447533908e-10
3.08602750943e-08	-2.57953182772e-09
3.09019218893e-08	-5.72994987742e-09
3.09435686843e-08	-6.89001636821e-09
3.09852154793e-08	-5.00652051934e-09
3.10268622743e-08	-2.91752684295e-10
3.10685090693e-08	5.7462803283e-09
3.11101558643e-08	1.09366714261e-08
3.11518026593e-08	1.3304671715e-08
3.11934494543e-08	1.19282656807e-08
3.12350962493e-08	7.27505179363e-09
3.12767430443e-08	9.61458206886e-10
3.13183898393e-08	-4.90346526057e-09
3.13600366343e-08	-8.5728683423e-09
3.14016834293e-08	-9.32503315537e-09
3.14433302243e-08	-7.57454162066e-09
3.14849770193e-08	-4.64542076507e-09
3.15266238143e-08	-2.0387844234e-09
3.15682706093e-08	-8.02973247355e-10
3.16099174043e-08	-1.03572917994e-09
3.16515641993e-08	-1.96590998515e-09
3.16932109943e-08	-2.38567128552e-09
3.17348577893e-08	-1.30588572855e-09
3.17765045843e-08	1.37985971954e-09
3.18181513793e-08	4.76845634853e-09
3.18597981743e-08	7.30644967965e-09
3.19014449693e-08	7.52715754483e-09
3.19430917643e-08	4.88796123542e-09
3.19847385593e-08	1.74484705601e-10
3.20263853543e-08	-4.73154295431e-09
3.20680321493e-08	-7.67654730928e-09
3.21096789443e-08	-7.22161555902e-09
3.21513257393e-08	-3.39258850873e-09
3.21929725343e-08	2.22990023582e-09
3.22346193293e-08	7.21137292763e-09
3.22762661243e-08	9.3645344465e-09
3.23179129193e-08	7.73778640294e-09
3.23595597143e-08	3.10655334963e-09
3.24012065093e-08	-2.40135211022e-09
3.24428533043e-08	-6.29308465235e-09
3.24845000993e-08	-6.88923192799e-09
3.25261468943e-08	-4.10165088525e-09
3.25677936893e-08	4.73732114409e-10
3.26094404843e-08	4.32214983075e-09
3.26510872793e-08	5.19539525637e-09
3.26927340743e-08	2.235823378e-09
3.27343808693e-08	-3.52659575327e-09
3.27760276643e-08	-9.55780240716e-09
3.28176744593e-08	-1.28912246711e-08
3.28593212543e-08	-1.15221106926e-08
3.29009680493e-08	-5.35270429716e-09
3.29426148443e-08	3.61950848807e-09
3.29842616393e-08	1.20694516534e-08
3.30259084343e-08	1.67210560398e-08
3.30675552293e-08	1.57084598419e-08
3.31092020243e-08	9.41576670799e-09
3.31508488193e-08	2.83530907465e-10
3.31924956143e-08	-8.16286527608e-09
3.32341424093e-08	-1.28019693076e-08
3.32757892043e-08	-1.21594803844e-08
3.33174359993e-08	-6.89745985848e-09
3.33590827943e-08	5.42986648483e-10
3.34007295893e-08	7.04059036072e-09
3.34423763843e-08	1.0092163067e-08
3.34840231793e-08	8.79124388564e-09
3.35256699743e-08	4.10166871995e-09
3.35673167693e-08	-1.70788824402e-09
3.36089635643e-08	-6.04683786203e-09
3.36506103593e-08	-7.18721573922e-09
3.36922571543e-08	-4.93346152645e-09
3.37339039493e-08	-6.45540791395e-10
3.37755507443e-08	3.39882045685e-09
3.38171975393e-08	5.0863619809e-09
3.38588443343e-08	3.44429355002e-09
3.39004911293e-08	-9.18293152456e-10
3.39421379243e-08	-6.02419354158e-09
3.39837847193e-08	-9.49090362551e-09
3.40254315143e-08	-9.53334228226e-09
3.40670783093e-08	-5.84920681682e-09
3.41087251043e-08	3.20778137017e-10
3.41503718993e-08	6.68315956569e-09
3.41920186943e-08	1.08997383896e-08
3.42336654893e-08	1.15905526323e-08
3.42753122843e-08	8.80969846725e-09
3.43169590793e-08	3.94679668548e-09
3.43586058743e-08	-9.48186390298e-10
3.44002526693e-08	-4.09885443642e-09
3.44418994643e-08	-4.67768244278e-09
3.44835462593e-08	-3.07693468794e-09
3.45251930543e-08	-5.73393444054e-10
3.45668398493e-08	1.28154569205e-09
3.46084866443e-08	1.43625338142e-09
3.46501334393e-08	-2.18680338496e-10
3.46917802343e-08	-2.83684464461e-09
3.47334270293e-08	-5.03370349569e-09
3.47750738243e-08	-5.543051124e-09
3.48167206192e-08	-3.89258545796e-09
3.48583674142e-08	-5.93461939964e-10
3.49000142092e-08	3.01469189196e-09
3.49416610042e-08	5.41293861123e-09
3.49833077992e-08	5.54197647669e-09
3.50249545942e-08	3.36321849016e-09
3.50666013892e-08	-1.89794973222e-10
3.51082481842e-08	-3.61951276937e-09
3.51498949792e-08	-5.5628899525e-09
3.51915417742e-08	-5.37714177525e-09
3.52331885692e-08	-3.37716665917e-09
3.52748353642e-08	-5.66295800834e-10
3.53164821592e-08	1.90514347874e-09
3.53581289542e-08	3.25850785677e-09
3.53997757492e-08	3.43778557704e-09
3.54414225442e-08	3.00768997989e-09
3.54830693392e-08	2.7844022539e-09
3.55247161342e-08	3.29637563946e-09
3.55663629292e-08	4.43858449821e-09
3.56080097242e-08	5.44600561522e-09
3.56496565192e-08	5.21082895062e-09
3.56913033142e-08	2.91536801558e-09
3.57329501092e-08	-1.45582532227e-09
3.57745969042e-08	-6.87779689451e-09
3.58162436992e-08	-1.15500339883e-08
3.58578904942e-08	-1.35615248371e-08
3.58995372892e-08	-1.17724119029e-08
3.59411840842e-08	-6.39045499677e-09
3.59828308792e-08	9.53974289538e-10
3.60244776742e-08	7.84963610084e-09
3.60661244692e-08	1.19967209847e-08
3.61077712642e-08	1.21907769574e-08
3.61494180592e-08	8.70451687118e-09
3.61910648542e-08	3.10106496558e-09
3.62327116492e-08	-2.46230148684e-09
3.62743584442e-08	-6.16981509979e-09
3.63160052392e-08	-7.15550599675e-09
3.63576520342e-08	-5.72385937953e-09
3.63992988292e-08	-2.9919385398e-09
3.64409456242e-08	-3.33165619333e-10
3.64825924192e-08	1.24039424999e-09
3.65242392142e-08	1.4712577003e-09
3.65658860092e-08	8.07180809605e-10
3.66075328042e-08	1.60268347584e-10
3.66491795992e-08	3.95980564094e-10
3.66908263942e-08	1.87776629142e-09
3.67324731892e-08	4.24710490735e-09
3.67741199842e-08	6.51566985956e-09
3.68157667792e-08	7.48878102239e-09
3.68574135742e-08	6.33006313512e-09
3.68990603692e-08	2.96405855069e-09
3.69407071642e-08	-1.77158495469e-09
3.69823539592e-08	-6.50402648232e-09
3.70240007542e-08	-9.80025569725e-09
3.70656475492e-08	-1.08066081431e-08
3.71072943442e-08	-9.49729861074e-09
3.71489411392e-08	-6.58817800661e-09
3.71905879342e-08	-3.16899359705e-09
3.72322347292e-08	-1.78187449062e-10
3.72738815242e-08	1.9377987626e-09
3.73155283192e-08	3.26908975411e-09
3.73571751142e-08	4.2509798303e-09
3.73988219092e-08	5.28774232907e-09
3.74404687042e-08	6.48218070887e-09
3.74821154992e-08	7.46535285152e-09
3.75237622942e-08	7.56930109216e-09
3.75654090892e-08	6.14383859759e-09
3.76070558842e-08	2.98631514049e-09
3.76487026792e-08	-1.40360431177e-09
3.76903494742e-08	-5.82205297861e-09
3.77319962692e-08	-8.8103584879e-09
3.77736430642e-08	-9.19471230057e-09
3.78152898592e-08	-6.72176584011e-09
3.78569366542e-08	-2.23944964569e-09
3.78985834492e-08	2.53386166563e-09
3.79402302442e-08	5.77092776864e-09
3.79818770392e-08	6.30219046914e-09
3.80235238342e-08	4.17527053036e-09
3.80651706292e-08	5.99360568555e-10
3.81068174242e-08	-2.63886284178e-09
3.81484642192e-08	-4.05801516262e-09
3.81901110142e-08	-3.15359245488e-09
3.82317578092e-08	-6.26840919666e-10
3.82734046042e-08	1.96786099005e-09
3.83150513992e-08	3.00553191189e-09
3.83566981942e-08	1.60180338611e-09
3.83983449892e-08	-1.9089253251e-09
3.84399917842e-08	-6.04442405502e-09
3.84816385792e-08	-8.75747371495e-09
3.85232853742e-08	-8.32308142892e-09
3.85649321692e-08	-4.20588801286e-09
3.86065789642e-08	2.6167380025e-09
3.86482257592e-08	9.85158661246e-09
3.86898725542e-08	1.47740734854e-08
3.87315193492e-08	1.53378295169e-08
3.87731661442e-08	1.11112956197e-08
3.88148129392e-08	3.53984677681e-09
3.88564597342e-08	-4.60366300116e-09
3.88981065292e-08	-1.0337084258e-08
3.89397533242e-08	-1.17502769008e-08
3.89814001192e-08	-8.80644653381e-09
3.90230469142e-08	-3.23389468763e-09
3.90646937092e-08	2.22955152257e-09
3.91063405042e-08	5.11966153846e-09
3.91479872992e-08	4.30979526546e-09
3.91896340942e-08	4.61719963912e-10
3.92312808892e-08	-4.33385251644e-09
3.92729276842e-08	-7.56071007538e-09
3.93145744792e-08	-7.41985860774e-09
3.93562212742e-08	-3.67549415035e-09
3.93978680692e-08	2.22035864434e-09
3.94395148642e-08	7.77157758286e-09
3.94811616591e-08	1.04697501502e-08
3.95228084541e-08	8.96855340687e-09
3.95644552491e-08	3.68173963278e-09
3.96061020441e-08	-3.34280516028e-09
3.96477488391e-08	-9.24754067766e-09
3.96893956341e-08	-1.16023205071e-08
3.97310424291e-08	-9.38840545583e-09
3.97726892241e-08	-3.43558168112e-09
3.98143360191e-08	3.99203528741e-09
3.98559828141e-08	1.01450818857e-08
3.98976296091e-08	1.29163998906e-08
3.99392764041e-08	1.16362794747e-08
3.99809231991e-08	7.19389767201e-09
4.00225699941e-08	1.52183314561e-09
4.00642167891e-08	-3.3056116195e-09
4.01058635841e-08	-5.9397382117e-09
4.01475103791e-08	-6.18462935552e-09
4.01891571741e-08	-4.90430683564e-09
4.02308039691e-08	-3.472828922e-09
4.02724507641e-08	-3.00605117014e-09
4.03140975591e-08	-3.8368484119e-09
4.03557443541e-08	-5.31638441256e-09
4.03973911491e-08	-6.2208079972e-09
4.04390379441e-08	-5.33608059995e-09
4.04806847391e-08	-2.20490734351e-09
4.05223315341e-08	2.55806472619e-09
4.05639783291e-08	7.37811352812e-09
4.06056251241e-08	1.039364508e-08
4.06472719191e-08	1.02646150468e-08
4.06889187141e-08	6.87219551924e-09
4.07305655091e-08	1.44362048964e-09
4.07722123041e-08	-3.88837874052e-09
4.08138590991e-08	-7.01096863551e-09
4.08555058941e-08	-6.75712932309e-09
4.08971526891e-08	-3.41160046914e-09
4.09387994841e-08	1.40369530105e-09
4.09804462791e-08	5.49302745304e-09
4.10220930741e-08	7.05640546515e-09
4.10637398691e-08	5.47832077966e-09
4.11053866641e-08	1.59657679785e-09
4.11470334591e-08	-2.7477953142e-09
4.11886802541e-08	-5.55639868838e-09
4.12303270491e-08	-5.62973946107e-09
4.12719738441e-08	-3.08907579204e-09
4.13136206391e-08	6.69403679189e-10
4.13552674341e-08	3.65782693891e-09
4.13969142291e-08	4.24113737012e-09
4.14385610241e-08	1.91361136702e-09
4.14802078191e-08	-2.47062621837e-09
4.15218546141e-08	-6.99282358234e-09
4.15635014091e-08	-9.57280891015e-09
4.16051482041e-08	-8.86937153582e-09
4.16467949991e-08	-4.90127167845e-09
4.16884417941e-08	9.56305377985e-10
4.17300885891e-08	6.55244498243e-09
4.17717353841e-08	9.87128591715e-09
4.18133821791e-08	9.9102945017e-09
4.18550289741e-08	7.0223849253e-09
4.18966757691e-08	2.7175239576e-09
4.19383225641e-08	-1.04649183763e-09
4.19799693591e-08	-2.80604959928e-09
4.20216161541e-08	-2.17257653534e-09
4.20632629491e-08	4.33390130949e-11
4.21049097441e-08	2.31203224534e-09
4.21465565391e-08	3.14500822694e-09
4.21882033341e-08	1.83257892325e-09
4.22298501291e-08	-1.22795028876e-09
4.22714969241e-08	-4.73674985346e-09
4.23131437191e-08	-7.08257107997e-09
4.23547905141e-08	-7.06792693816e-09
4.23964373091e-08	-4.49921177745e-09
4.24380841041e-08	-2.57402239063e-10
4.24797308991e-08	4.01077960947e-09
4.25213776941e-08	6.57601445173e-09
4.25630244891e-08	6.3355609526e-09
4.26046712841e-08	3.2527487882e-09
4.26463180791e-08	-1.56766853622e-09
4.26879648741e-08	-6.36416993584e-09
4.27296116691e-08	-9.35677846314e-09
4.27712584641e-08	-9.47126020667e-09
4.28129052591e-08	-6.67943293557e-09
4.28545520541e-08	-1.94854505881e-09
4.28961988491e-08	3.24972614443e-09
4.29378456441e-08	7.5263351957e-09
4.29794924391e-08	1.00597948131e-08
4.30211392341e-08	1.0711173129e-08
4.30627860291e-08	9.8500338129e-09
4.31044328241e-08	7.97559123085e-09
4.31460796191e-08	5.44732199799e-09
4.31877264141e-08	2.41308422983e-09
4.32293732091e-08	-1.08132780941e-09
4.32710200041e-08	-4.82160934269e-09
4.33126667991e-08	-8.3206108184e-09
4.33543135941e-08	-1.08291637463e-08
4.33959603891e-08	-1.16023525822e-08
4.34376071841e-08	-1.01861400946e-08
4.34792539791e-08	-6.69257199486e-09
4.35209007741e-08	-1.86467321792e-09
4.35625475691e-08	3.05274311385e-09
4.36041943641e-08	6.69183324899e-09
4.36458411591e-08	8.03726322475e-09
4.36874879541e-08	6.85565531428e-09
4.37291347491e-08	3.81342553802e-09
4.37707815441e-08	2.81719050215e-10
4.38124283391e-08	-2.23237717895e-09
4.38540751341e-08	-2.7557951806e-09
4.38957219291e-08	-1.27533129456e-09
4.39373687241e-08	1.22825633692e-09
4.39790155191e-08	3.24445045309e-09
4.40206623141e-08	3.49147815434e-09
4.40623091091e-08	1.57143651694e-09
4.4103955904e-08	-1.76710064897e-09
4.4145602699e-08	-4.93849157054e-09
4.4187249494e-08	-6.21913143727e-09
4.4228896289e-08	-4.56777310941e-09
4.4270543084e-08	-1.8596772825e-10
4.4312189879e-08	5.49519832763e-09
4.4353836674e-08	1.02778389306e-08
4.4395483469e-08	1.20936954583e-08
4.4437130264e-08	9.87045936998e-09
4.4478777059e-08	3.99687384925e-09
4.4520423854e-08	-3.72386181873e-09
4.4562070649e-08	-1.07467462637e-08
4.4603717444e-08	-1.47499970293e-08
4.4645364239e-08	-1.45695420936e-08
4.4687011034e-08	-1.06115791883e-08
4.4728657829e-08	-4.62295418439e-09
4.4770304624e-08	1.09551733353e-09
4.4811951419e-08	4.69570380149e-09
4.4853598214e-08	5.56090362473e-09
4.4895245009e-08	4.38870799944e-09
4.4936891804e-08	2.73689767984e-09
4.4978538599e-08	2.09240472605e-09
4.5020185394e-08	3.12488291406e-09
4.5061832189e-08	5.33982566324e-09
4.5103478984e-08	7.39478441848e-09
4.5145125779e-08	7.81139401426e-09
4.5186772574e-08	5.72405111504e-09
4.5228419369e-08	1.38740269663e-09
4.5270066164e-08	-3.88931955132e-09
4.5311712959e-08	-8.24762614801e-09
4.5353359754e-08	-1.00571101933e-08
4.5395006549e-08	-8.59454445459e-09
4.5436653344e-08	-4.38808039904e-09
4.5478300139e-08	9.72996625761e-10
4.5519946934e-08	5.44393497122e-09
4.5561593729e-08	7.37761987092e-09
4.5603240524e-08	6.14921008904e-09
4.5644887319e-08	2.46823381872e-09
4.5686534114e-08	-2.00434238304e-09
4.5728180909e-08	-5.40385071239e-09
4.5769827704e-08	-6.48472447788e-09
4.5811474499e-08	-5.13556706709e-09
4.5853121294e-08	-2.34313815659e-09
4.5894768089e-08	3.48753688797e-10
4.5936414884e-08	1.63434661811e-09
4.5978061679e-08	1.07430196553e-09
4.6019708474e-08	-7.45569882091e-10
4.6061355269e-08	-2.49607105211e-09
4.6103002064e-08	-2.81308020194e-09
4.6144648859e-08	-9.58649572919e-10
4.6186295654e-08	2.78471998846e-09
4.6227942449e-08	7.17971102016e-09
4.6269589244e-08	1.05150497615e-08
4.6311236039e-08	1.13400880283e-08
4.6352882834e-08	9.05396389111e-09
4.6394529629e-08	4.22653992881e-09
4.6436176424e-08	-1.62616525627e-09
4.6477823219e-08	-6.62469992925e-09
4.6519470014e-08	-9.30374259231e-09
4.6561116809e-08	-9.20636054197e-09
4.6602763604e-08	-7.01539825711e-09
4.6644410399e-08	-4.19047558459e-09
4.6686057194e-08	-2.18504088521e-09
4.6727703989e-08	-1.74849784e-09
4.6769350784e-08	-2.54155399504e-09
4.6810997579e-08	-3.34643248789e-09
4.6852644374e-08	-2.76237875196e-09
4.6894291169e-08	-3.20423120173e-11
4.6935937964e-08	4.42845529865e-09
4.6977584759e-08	9.06218838165e-09
4.7019231554e-08	1.17974323123e-08
4.7060878349e-08	1.09988727778e-08
4.7102525144e-08	6.28116726166e-09
4.7144171939e-08	-1.1461284994e-09
4.7185818734e-08	-8.83117468389e-09
4.7227465529e-08	-1.39141040703e-08
4.7269112324e-08	-1.43155122791e-08
4.7310759119e-08	-9.5541509669e-09
4.7352405914e-08	-1.10221482288e-09
4.7394052709e-08	8.1308472958e-09
4.7435699504e-08	1.48538641456e-08
4.7477346299e-08	1.66689425041e-08
4.7518993094e-08	1.30267437531e-08
4.7560639889e-08	5.41091736868e-09
4.7602286684e-08	-3.26779367888e-09
4.7643933479e-08	-9.89057580281e-09
4.7685580274e-08	-1.23940969918e-08
4.7727227069e-08	-1.05288658625e-08
4.7768873864e-08	-5.77773941364e-09
4.7810520659e-08	-6.07883977313e-10
4.7852167454e-08	2.72558650909e-09
4.7893814249e-08	3.07394317379e-09
4.7935461044e-08	8.3215909814e-10
4.7977107839e-08	-2.45476081302e-09
4.8018754634e-08	-4.84814901766e-09
4.8060401429e-08	-4.93171629402e-09
4.8102048224e-08	-2.43217936069e-09
4.8143695019e-08	1.76591675788e-09
4.8185341814e-08	6.0295485757e-09
4.8226988609e-08	8.71845093689e-09
4.8268635404e-08	8.85104689541e-09
4.8310282199e-08	6.49478539699e-09
4.8351928994e-08	2.65225258856e-09
4.8393575789e-08	-1.18823920408e-09
4.8435222584e-08	-3.71754774187e-09
4.8476869379e-08	-4.30585303177e-09
4.8518516174e-08	-3.22969093396e-09
4.8560162969e-08	-1.37688733678e-09
4.8601809764e-08	1.91757801369e-10
4.8643456559e-08	7.89820484839e-10
4.8685103354e-08	3.74955408953e-10
4.8726750149e-08	-5.3268877948e-10
4.87683969439e-08	-1.2199542071e-09
4.88100437389e-08	-1.19570216662e-09
4.88516905339e-08	-4.59650209388e-10
4.88933373289e-08	5.01756712459e-10
4.89349841239e-08	9.83773359867e-10
4.89766309189e-08	4.84862878796e-10
4.90182777139e-08	-1.04867843749e-09
4.90599245089e-08	-3.1153181753e-09
4.91015713039e-08	-4.85903959256e-09
4.91432180989e-08	-5.41203233097e-09
4.91848648939e-08	-4.26675946137e-09
4.92265116889e-08	-1.50750540349e-09
4.92681584839e-08	2.16532395052e-09
4.93098052789e-08	5.68337252781e-09
4.93514520739e-08	7.97248403406e-09
4.93930988689e-08	8.38839747316e-09
4.94347456639e-08	6.90759420843e-09
4.94763924589e-08	4.13042618164e-09
4.95180392539e-08	9.9161155025e-10
4.95596860489e-08	-1.63212936482e-09
4.96013328439e-08	-3.26030874867e-09
4.96429796389e-08	-3.94326932825e-09
4.96846264339e-08	-4.11201058273e-09
4.97262732289e-08	-4.2199083481e-09
4.97679200239e-08	-4.4467076462e-09
4.98095668189e-08	-4.51949751928e-09
4.98512136139e-08	-3.89906352344e-09
4.98928604089e-08	-2.10985030835e-09
4.99345072039e-08	8.67884167094e-10
4.99761539989e-08	4.4129688636e-09
5.00178007939e-08	7.38987678862e-09
5.00594475889e-08	8.57339854665e-09
5.01010943839e-08	7.16942299972e-09
5.01427411789e-08	3.2620156732e-09
5.01843879739e-08	-2.14250063177e-09
5.02260347689e-08	-7.3571838153e-09
5.02676815639e-08	-1.06499706727e-08
5.03093283589e-08	-1.08596671412e-08
5.03509751539e-08	-7.88753418482e-09
5.03926219489e-08	-2.74110567838e-09
5.04342687439e-08	2.84727775905e-09
5.04759155389e-08	7.08575152372e-09
5.05175623339e-08	8.83060413681e-09
5.05592091289e-08	8.01256359526e-09
5.06008559239e-08	5.54443776134e-09
5.06425027189e-08	2.86015644849e-09
5.06841495139e-08	1.17912393391e-09
5.07257963089e-08	9.38410733885e-10
5.07674431039e-08	1.62914476701e-09
5.08090898989e-08	2.12723019581e-09
5.08507366939e-08	1.34302937174e-09
5.08923834889e-08	-1.17705759506e-09
5.09340302839e-08	-4.88689225718e-09
5.09756770789e-08	-8.45986494052e-09
5.10173238739e-08	-1.03805314795e-08
5.10589706689e-08	-9.63358764636e-09
5.11006174639e-08	-6.20223514214e-09
5.11422642589e-08	-1.10846142638e-09
5.11839110539e-08	4.01672891823e-09
5.12255578489e-08	7.58023507852e-09
5.12672046439e-08	8.66223184848e-09
5.13088514389e-08	7.30105737153e-09
5.13504982339e-08	4.40326979045e-09
5.13921450289e-08	1.26177588126e-09
5.14337918239e-08	-1.0499501611e-09
5.14754386189e-08	-2.06087360458e-09
5.15170854139e-08	-2.06519177887e-09
5.15587322089e-08	-1.78523831785e-09
5.16003790039e-08	-1.92504260796e-09
5.16420257989e-08	-2.67454091513e-09
5.16836725939e-08	-3.5788651374e-09
5.17253193889e-08	-3.72150422631e-09
5.17669661839e-08	-2.29200091371e-09
5.18086129789e-08	8.84790042231e-10
5.18502597739e-08	5.03905924799e-09
5.18919065689e-08	8.70025952324e-09
5.19335533639e-08	1.02381353013e-08
5.19752001589e-08	8.63689273919e-09
5.20168469539e-08	4.0154820545e-09
5.20584937489e-08	-2.32825663783e-09
5.21001405439e-08	-8.35276016062e-09
5.21417873389e-08	-1.2063845322e-08
5.21834341339e-08	-1.22584557782e-08
5.22250809289e-08	-9.01124524999e-09
5.22667277239e-08	-3.62063980533e-09
5.23083745189e-08	1.90079374246e-09
5.23500213139e-08	5.59857689202e-09
5.23916681089e-08	6.36341311241e-09
5.24333149039e-08	4.36113629931e-09
5.24749616989e-08	9.53995379005e-10
5.25166084939e-08	-1.90475411051e-09
5.25582552889e-08	-2.54327111801e-09
5.25999020839e-08	-3.99365386356e-10
5.26415488789e-08	3.68503515549e-09
5.26831956739e-08	7.73550610893e-09
5.27248424689e-08	9.58744015775e-09
5.27664892639e-08	7.82545431406e-09
5.28081360589e-08	2.58418193528e-09
5.28497828539e-08	-4.46147878364e-09
5.28914296489e-08	-1.06996674853e-08
5.29330764439e-08	-1.36707794252e-08
5.29747232389e-08	-1.20851263025e-08
5.30163700339e-08	-6.37851431395e-09
5.30580168289e-08	1.45953956039e-09
5.30996636239e-08	8.64538934539e-09
5.31413104189e-08	1.27032898541e-08
5.31829572139e-08	1.23740953421e-08
5.32246040089e-08	8.07613471238e-09
5.32662508039e-08	1.66907766254e-09
5.33078975989e-08	-4.34531565938e-09
5.33495443939e-08	-7.85838957969e-09
5.33911911888e-08	-8.03811114544e-09
5.34328379838e-08	-5.58399777979e-09
5.34744847788e-08	-2.29531859405e-09
5.35161315738e-08	-1.62498497351e-10
5.35577783688e-08	-3.0641845387e-10
5.35994251638e-08	-2.45406636245e-09
5.36410719588e-08	-5.03157906138e-09
5.36827187538e-08	-6.01127634649e-09
5.37243655488e-08	-3.94660554758e-09
5.37660123438e-08	1.18534761477e-09
5.38076591388e-08	7.86285445781e-09
5.38493059338e-08	1.36293573892e-08
5.38909527288e-08	1.61260879546e-08
5.39325995238e-08	1.41037561005e-08
5.39742463188e-08	7.97836711627e-09
5.40158931138e-08	-3.38776824302e-10
5.40575399088e-08	-8.19375653091e-09
5.40991867038e-08	-1.31942683862e-08
5.41408334988e-08	-1.40937382216e-08
5.41824802938e-08	-1.11561963521e-08
5.42241270888e-08	-5.95154573194e-09
5.42657738838e-08	-5.79413637729e-10
5.43074206788e-08	3.1705426071e-09
5.43490674738e-08	4.50653663171e-09
5.43907142688e-08	3.81172667735e-09
5.44323610638e-08	2.23486413056e-09
5.44740078588e-08	1.01667263497e-09
5.45156546538e-08	8.03853701485e-10
5.45573014488e-08	1.40794232609e-09
5.45989482438e-08	1.9949902689e-09
5.46405950388e-08	1.68563244526e-09
5.46822418338e-08	1.21256089371e-10
5.47238886288e-08	-2.2538203942e-09
5.47655354238e-08	-4.41020831486e-09
5.48071822188e-08	-5.21146657426e-09
5.48488290138e-08	-4.05726928096e-09
5.48904758088e-08	-1.15086886202e-09
5.49321226038e-08	2.53812450397e-09
5.49737693988e-08	5.68996459498e-09
5.50154161938e-08	7.20036285977e-09
5.50570629888e-08	6.61920053664e-09
5.50987097838e-08	4.31649299464e-09
5.51403565788e-08	1.26920546729e-09
5.51820033738e-08	-1.34655517509e-09
5.52236501688e-08	-2.64799121259e-09
5.52652969638e-08	-2.41822943788e-09
5.53069437588e-08	-1.1740527257e-09
5.53485905538e-08	8.26829411619e-11
5.53902373488e-08	3.30117489117e-10
5.54318841438e-08	-9.47854202678e-10
5.54735309388e-08	-3.46898343384e-09
5.55151777338e-08	-6.21680281213e-09
5.55568245288e-08	-7.8507656643e-09
5.55984713238e-08	-7.32160005193e-09
5.56401181188e-08	-4.34110363629e-09
5.56817649138e-08	3.76042564383e-10
5.57234117088e-08	5.39438031397e-09
5.57650585038e-08	9.03936782717e-09
5.58067052988e-08	1.00833716342e-08
5.58483520938e-08	8.18338398087e-09
5.58899988888e-08	4.03166819027e-09
5.59316456838e-08	-9.2823602537e-10
5.59732924788e-08	-5.00932366074e-09
5.60149392738e-08	-6.90957020766e-09
5.60565860688e-08	-6.13809884344e-09
5.60982328638e-08	-3.18733960926e-09
5.61398796588e-08	7.55929049174e-10
5.61815264538e-08	4.25146693198e-09
5.62231732488e-08	6.19414913978e-09
5.62648200438e-08	6.17953823182e-09
5.63064668388e-08	4.55650044431e-09
5.63481136338e-08	2.17325917679e-09
5.63897604288e-08	-9.57060451669e-11
5.64314072238e-08	-1.74047819169e-09
5.64730540188e-08	-2.76227349154e-09
5.65147008138e-08	-3.55331400675e-09
5.65563476088e-08	-4.52510639376e-09
5.65979944038e-08	-5.78396716806e-09
5.66396411988e-08	-6.95846823218e-09
5.66812879938e-08	-7.35675228548e-09
5.67229347888e-08	-6.33289472078e-09
5.67645815838e-08	-3.65334731824e-09
5.68062283788e-08	2.75179367899e-10
5.68478751738e-08	4.49423595561e-09
5.68895219688e-08	7.86987717008e-09
5.69311687638e-08	9.4978528202e-09
5.69728155588e-08	9.08394163363e-09
5.70144623538e-08	7.00494645969e-09
5.70561091488e-08	4.12676656042e-09
5.70977559438e-08	1.38795038917e-09
5.71394027388e-08	-5.78085433472e-10
5.71810495338e-08	-1.65316921003e-09
5.72226963288e-08	-2.18605275808e-09
5.72643431238e-08	-2.69608041101e-09
5.73059899188e-08	-3.49150707998e-09
5.73476367138e-08	-4.44368921521e-09
5.73892835088e-08	-4.99510197961e-09
5.74309303038e-08	-4.45334232511e-09
5.74725770988e-08	-2.45071498425e-09
5.75142238938e-08	7.19930959682e-10
5.75558706888e-08	4.07164499252e-09
5.75975174838e-08	6.28829631075e-09
5.76391642788e-08	6.26941442164e-09
5.76808110738e-08	3.71529896258e-09
5.77224578688e-08	-6.41922298953e-10
5.77641046638e-08	-5.26782027027e-09
5.78057514588e-08	-8.42214945354e-09
5.78473982538e-08	-8.90431608308e-09
5.78890450488e-08	-6.55696349473e-09
5.79306918438e-08	-2.33837916391e-09
5.79723386388e-08	2.12676911672e-09
5.80139854337e-08	5.25793696082e-09
5.80556322287e-08	6.19093722294e-09
5.80972790237e-08	5.10870277678e-09
5.81389258187e-08	3.09710353457e-09
5.81805726137e-08	1.55305514889e-09
5.82222194087e-08	1.53092457938e-09
5.82638662037e-08	3.18065980671e-09
5.83055129987e-08	5.64195226822e-09
5.83471597937e-08	7.39115135415e-09
5.83888065887e-08	6.91488938505e-09
5.84304533837e-08	3.46489952615e-09
5.84721001787e-08	-2.51101467136e-09
5.85137469737e-08	-9.34256202262e-09
5.85553937687e-08	-1.4705303357e-08
5.85970405637e-08	-1.65001733735e-08
5.86386873587e-08	-1.37091875733e-08
5.86803341537e-08	-6.90305226869e-09
5.87219809487e-08	1.87367759632e-09
5.87636277437e-08	9.80844687068e-09
5.88052745387e-08	1.43350925262e-08
5.88469213337e-08	1.40692312939e-08
5.88885681287e-08	9.30277792299e-09
5.89302149237e-08	1.85659016676e-09
5.89718617187e-08	-5.58329835143e-09
5.90135085137e-08	-1.04868525252e-08
5.90551553087e-08	-1.13279989694e-08
5.90968021037e-08	-8.1545918941e-09
5.91384488987e-08	-2.42939979418e-09
5.91800956937e-08	3.55666533811e-09
5.92217424887e-08	7.63240841015e-09
5.92633892837e-08	8.5883063404e-09
5.93050360787e-08	6.61824313235e-09
5.93466828737e-08	3.13979525712e-09
5.93883296687e-08	7.67758915254e-11
5.94299764637e-08	-1.07310934054e-09
5.94716232587e-08	4.6194384279e-11
5.95132700537e-08	2.49797270282e-09
5.95549168487e-08	4.54430348039e-09
5.95965636437e-08	4.53941667415e-09
5.96382104387e-08	1.77380001746e-09
5.96798572337e-08	-3.10743388139e-09
5.97215040287e-08	-8.39400243063e-09
5.97631508237e-08	-1.20524038839e-08
5.98047976187e-08	-1.26533046402e-08
5.98464444137e-08	-9.99727399476e-09
5.98880912087e-08	-5.12743338586e-09
5.99297380037e-08	1.58733053929e-10
5.99713847987e-08	4.1582618928e-09
6.00130315937e-08	5.93911571485e-09
