% time-domain current integration by openEMS v0.0.35-98-gb49bd2a @Mon Jul 31 12:35:57 2023
% start-coordinates: (-0.00368512,0.0132999,0.00129388) m -> [9,94,23]
% stop-coordinates: (-0.00261,0.0132999,0.00279497) m -> [10,94,31]
% t/s	current
4.29299509518e-14	-0
4.16849823742e-11	4.7477301109e-20
8.33270347975e-11	1.49957459644e-11
1.24969087221e-10	1.94733257297e-10
1.66611139644e-10	3.75226905103e-10
2.08253192067e-10	5.47220768699e-10
2.4989524449e-10	5.21806930998e-10
2.91537296914e-10	-2.71587780043e-10
3.33179349337e-10	-2.65083599515e-09
3.7482140176e-10	-7.72961072926e-09
4.16463454184e-10	-1.62742193055e-08
4.58105506607e-10	-2.76514455777e-08
4.9974755903e-10	-3.83196727682e-08
5.41389611453e-10	-4.05175448748e-08
5.83031663877e-10	-2.23302816238e-08
6.246737163e-10	2.94389863598e-08
6.66315768723e-10	1.23229938254e-07
7.07957821146e-10	2.54197885852e-07
7.4959987357e-10	3.96966669314e-07
7.91241925993e-10	5.04362503762e-07
8.32883978416e-10	5.16375394e-07
8.74526030839e-10	3.79852082233e-07
9.16168083263e-10	7.35797343054e-08
9.57810135686e-10	-3.7146168097e-07
9.99452188109e-10	-8.67895948886e-07
1.04109424053e-09	-1.28991575821e-06
1.08273629296e-09	-1.51011022353e-06
1.12437834538e-09	-1.44270791225e-06
1.1660203978e-09	-1.07606558686e-06
1.20766245023e-09	-4.80891571897e-07
1.24930450265e-09	2.09455194522e-07
1.29094655507e-09	8.39078779791e-07
1.3325886075e-09	1.27481666823e-06
1.37423065992e-09	1.44085743159e-06
1.41587271234e-09	1.33281173476e-06
1.45751476476e-09	1.00964109606e-06
1.49915681719e-09	5.69717883536e-07
1.54079886961e-09	1.20675480275e-07
1.58244092203e-09	-2.47419393418e-07
1.62408297446e-09	-4.79292509681e-07
1.66572502688e-09	-5.59871295991e-07
1.7073670793e-09	-5.0918032457e-07
1.74900913173e-09	-3.70295367702e-07
1.79065118415e-09	-1.94642879592e-07
1.83229323657e-09	-2.87393149279e-08
1.873935289e-09	9.49660545757e-08
1.91557734142e-09	1.61827585998e-07
1.95721939384e-09	1.736835884e-07
1.99886144627e-09	1.44009845826e-07
2.04050349869e-09	9.15612901053e-08
2.08214555111e-09	3.45532562562e-08
2.12378760354e-09	-1.33292132887e-08
2.16542965596e-09	-4.47262635817e-08
2.20707170838e-09	-5.80242627279e-08
2.24871376081e-09	-5.58455504063e-08
2.29035581323e-09	-4.31045208416e-08
2.33199786565e-09	-2.52156091562e-08
2.37363991808e-09	-7.00565561118e-09
2.4152819705e-09	7.94699506201e-09
2.45692402292e-09	1.7503307248e-08
2.49856607535e-09	2.09658992389e-08
2.54020812777e-09	1.88556672498e-08
2.58185018019e-09	1.26697958791e-08
2.62349223262e-09	4.47874315412e-09
2.66513428504e-09	-3.49284823287e-09
2.70677633746e-09	-9.3115941624e-09
2.74841838989e-09	-1.17617373618e-08
2.79006044231e-09	-1.05913180448e-08
2.83170249473e-09	-6.58220455918e-09
2.87334454716e-09	-1.2929752824e-09
2.91498659958e-09	3.4817921879e-09
2.956628652e-09	6.31664143214e-09
2.99827070443e-09	6.68693855843e-09
3.03991275685e-09	5.05745223478e-09
3.08155480927e-09	2.57292120942e-09
3.1231968617e-09	4.27886337473e-10
3.16483891412e-09	-7.24493132154e-10
3.20648096654e-09	-9.92055326776e-10
3.24812301897e-09	-1.04308806037e-09
3.28976507139e-09	-1.53264112512e-09
3.33140712381e-09	-2.65734989569e-09
3.37304917623e-09	-3.96426580451e-09
3.41469122866e-09	-4.6236618978e-09
3.45633328108e-09	-3.97456156875e-09
3.4979753335e-09	-1.9105510507e-09
3.53961738593e-09	9.83525372256e-10
3.58125943835e-09	3.73342423643e-09
3.62290149077e-09	5.42326850095e-09
3.6645435432e-09	5.60562218865e-09
3.70618559562e-09	4.41224923264e-09
3.74782764804e-09	2.38962472032e-09
3.78946970047e-09	2.1349441659e-10
3.83111175289e-09	-1.60238911029e-09
3.87275380531e-09	-2.81815215608e-09
3.91439585774e-09	-3.44420314491e-09
