% time-domain voltage integration by openEMS v0.0.35-98-gb49bd2a @Fri Aug 18 23:24:43 2023
% start-coordinates: (0.013178,0.0137615,0.00139497) m -> [92,121,24]
% stop-coordinates: (0.01346,0.0137615,0.00139497) m -> [96,121,24]
% t/s	voltage
0	-0
4.16061003502e-11	-6.82726550849e-08
8.32122007004e-11	-1.1813930989e-07
1.24818301051e-10	-1.68866979067e-07
1.66424401401e-10	-1.11678327031e-07
2.08030501751e-10	2.14449674019e-07
2.49636602101e-10	1.07901186652e-06
2.91242702451e-10	2.78283096122e-06
3.32848802801e-10	5.48088110008e-06
3.74454903152e-10	8.83037671429e-06
4.16061003502e-10	1.157591214e-05
4.57667103852e-10	1.12739660381e-05
4.99273204202e-10	4.48493162253e-06
5.40879304552e-10	-1.22310580082e-05
5.82485404902e-10	-4.04880165661e-05
6.24091505253e-10	-7.78680077929e-05
6.65697605603e-10	-0.000116397142847
7.07303705953e-10	-0.000142958804645
7.48909806303e-10	-0.000142481314469
7.90515906653e-10	-0.000103462016341
8.32122007004e-10	-2.39800849613e-05
8.73728107354e-10	8.46327166073e-05
9.15334207704e-10	0.000198873342015
9.56940308054e-10	0.000289480401989
9.98546408404e-10	0.000331171620928
1.04015250875e-09	0.000311800198688
1.0817586091e-09	0.00023693303956
1.12336470945e-09	0.000127764335048
1.1649708098e-09	1.33385924528e-05
1.20657691016e-09	-7.94811094238e-05
1.24818301051e-09	-0.00013408261475
1.28978911086e-09	-0.00014736504454
1.33139521121e-09	-0.000127755623907
1.37300131156e-09	-8.9812020633e-05
1.41460741191e-09	-4.82285008729e-05
1.45621351226e-09	-1.3577554455e-05
1.49781961261e-09	9.22289473237e-06
1.53942571296e-09	2.01077268684e-05
1.58103181331e-09	2.1882467081e-05
1.62263791366e-09	1.82072661801e-05
1.66424401401e-09	1.22554823747e-05
1.70585011436e-09	6.16674793719e-06
1.74745621471e-09	1.08160979551e-06
1.78906231506e-09	-2.57102656498e-06
1.83066841541e-09	-4.77019691836e-06
1.87227451576e-09	-5.68874311746e-06
1.91388061611e-09	-5.58301373488e-06
1.95548671646e-09	-4.73847528237e-06
1.99709281681e-09	-3.45679018743e-06
2.03869891716e-09	-1.99668207479e-06
2.08030501751e-09	-5.88849072614e-07
2.12191111786e-09	5.81716735226e-07
2.16351721821e-09	1.41227892403e-06
2.20512331856e-09	1.85711140333e-06
2.24672941891e-09	1.93103065538e-06
2.28833551926e-09	1.70125042187e-06
2.32994161961e-09	1.26466260308e-06
2.37154771996e-09	7.27699513536e-07
2.41315382031e-09	1.86842026295e-07
2.45475992066e-09	-2.78685582611e-07
2.49636602101e-09	-6.17032807071e-07
2.53797212136e-09	-8.05107095214e-07
2.57957822171e-09	-8.48255437447e-07
2.62118432206e-09	-7.72324844966e-07
2.66279042241e-09	-6.14621274764e-07
2.70439652276e-09	-4.12834861407e-07
2.74600262311e-09	-2.04439305485e-07
2.78760872346e-09	-1.82964741136e-08
2.82921482381e-09	1.25787362748e-07
2.87082092416e-09	2.17816142012e-07
