% time-domain voltage integration by openEMS v0.0.35-98-gb49bd2a @Fri Aug 18 23:24:43 2023
% start-coordinates: (-0.003,0.01398,0.00209497) m -> [10,125,28]
% stop-coordinates: (-0.003,0.00537,0.00209497) m -> [10,40,28]
% t/s	voltage
0	-0
4.16061003502e-11	-8.66511389857e-16
8.32122007004e-11	-3.51901985308e-10
1.24818301051e-10	-2.40500764095e-09
1.66424401401e-10	-7.22799149699e-09
2.08030501751e-10	-1.35589172945e-08
2.49636602101e-10	-1.71351166936e-08
2.91242702451e-10	-7.73599259131e-09
3.32848802801e-10	3.29116316006e-08
3.74454903152e-10	1.33495040577e-07
4.16061003502e-10	3.25899921716e-07
4.57667103852e-10	6.21876781848e-07
4.99273204202e-10	9.75379224943e-07
5.40879304552e-10	1.23686428743e-06
5.82485404902e-10	1.12673203168e-06
6.24091505253e-10	2.5923029745e-07
6.65697605603e-10	-1.74203247116e-06
7.07303705953e-10	-5.03448889333e-06
7.48909806303e-10	-9.30385620634e-06
7.90515906653e-10	-1.35867457445e-05
8.32122007004e-10	-1.63101300714e-05
8.73728107354e-10	-1.56504406519e-05
9.15334207704e-10	-1.0176742272e-05
9.56940308054e-10	4.2043492823e-07
9.98546408404e-10	1.48349136069e-05
1.04015250875e-09	3.01754428165e-05
1.0817586091e-09	4.26272048344e-05
1.12336470945e-09	4.85733294084e-05
1.1649708098e-09	4.57768119304e-05
1.20657691016e-09	3.41568933919e-05
1.24818301051e-09	1.58672322002e-05
1.28978911086e-09	-5.33832352545e-06
1.33139521121e-09	-2.51830113953e-05
1.37300131156e-09	-3.99884374929e-05
1.41460741191e-09	-4.74865253466e-05
1.45621351226e-09	-4.71382767557e-05
1.49781961261e-09	-3.99780361562e-05
1.53942571296e-09	-2.81289671165e-05
1.58103181331e-09	-1.41876124786e-05
1.62263791366e-09	-6.48604145947e-07
1.66424401401e-09	1.05190106297e-05
1.70585011436e-09	1.8100909891e-05
1.74745621471e-09	2.16786820815e-05
1.78906231506e-09	2.15256743985e-05
1.83066841541e-09	1.84118746418e-05
1.87227451576e-09	1.33795861217e-05
1.91388061611e-09	7.52982699836e-06
1.95548671646e-09	1.85097676475e-06
1.99709281681e-09	-2.89736425696e-06
2.03869891716e-09	-6.24198756327e-06
2.08030501751e-09	-8.00405598511e-06
2.12191111786e-09	-8.2637091019e-06
2.16351721821e-09	-7.29551543444e-06
2.20512331856e-09	-5.48986836435e-06
2.24672941891e-09	-3.27465148509e-06
2.28833551926e-09	-1.04767813935e-06
2.32994161961e-09	8.73469147233e-07
2.37154771996e-09	2.28049666884e-06
2.41315382031e-09	3.08073392308e-06
2.45475992066e-09	3.28614052858e-06
2.49636602101e-09	2.98932150944e-06
2.53797212136e-09	2.33383554082e-06
2.57957822171e-09	1.48469327099e-06
2.62118432206e-09	6.0057766138e-07
2.66279042241e-09	-1.86847193329e-07
2.70439652276e-09	-7.86175325729e-07
2.74600262311e-09	-1.15061253725e-06
2.78760872346e-09	-1.27612797929e-06
2.82921482381e-09	-1.19339512539e-06
2.87082092416e-09	-9.56878011493e-07
