% time-domain current integration by openEMS v0.0.35-98-gb49bd2a @Fri Aug 18 23:24:43 2023
% start-coordinates: (0.0188008,0.00763,0.00119278) m -> [145,57,22]
% stop-coordinates: (0.019,0.00828,0.00119278) m -> [146,68,22]
% t/s	current
4.98874104918e-14	-0
4.16559877607e-11	3.20041505775e-14
8.32620881108e-11	1.44797628748e-12
1.24868188461e-10	7.34939236205e-13
1.66474288811e-10	8.26144274518e-12
2.08080389161e-10	3.72048260255e-11
2.49686489512e-10	5.18330552091e-11
2.91292589862e-10	1.9353704403e-11
3.32898690212e-10	-7.16972176074e-11
3.74504790562e-10	-2.96256796872e-10
4.16110890912e-10	-7.07871150585e-10
4.57716991262e-10	-1.34604938307e-09
4.99323091613e-10	-2.05156847066e-09
5.40929191963e-10	-2.40582842537e-09
5.82535292313e-10	-1.66241709287e-09
6.24141392663e-10	1.07352660095e-09
6.65747493013e-10	6.43148156954e-09
7.07353593364e-10	1.41312535007e-08
7.48959693714e-10	2.23933795951e-08
7.90565794064e-10	2.7773767286e-08
8.32171894414e-10	2.5927739955e-08
8.73777994764e-10	1.3421094458e-08
9.15384095114e-10	-1.00201962283e-08
9.56990195465e-10	-3.99681319152e-08
9.98596295815e-10	-6.76501272778e-08
1.04020239616e-09	-8.26412716037e-08
1.08180849652e-09	-7.7115601016e-08
1.12341459687e-09	-4.96943677319e-08
1.16502069722e-09	-6.83598200268e-09
1.20662679757e-09	3.91778520736e-08
1.24823289792e-09	7.49066018102e-08
1.28983899827e-09	9.08142610001e-08
1.33144509862e-09	8.43382892413e-08
1.37305119897e-09	5.9852737877e-08
1.41465729932e-09	2.60185313294e-08
1.45626339967e-09	-7.76577824269e-09
1.49786950002e-09	-3.41893446887e-08
1.53947560037e-09	-4.93486851383e-08
1.58108170072e-09	-5.26608374685e-08
1.62268780107e-09	-4.60041711392e-08
1.66429390142e-09	-3.2666935823e-08
1.70590000177e-09	-1.63684141796e-08
1.74750610212e-09	-4.69734251496e-10
1.78911220247e-09	1.25287114017e-08
1.83071830282e-09	2.12063167027e-08
1.87232440317e-09	2.51780498672e-08
1.91393050352e-09	2.48743159403e-08
1.95553660387e-09	2.12276383138e-08
1.99714270422e-09	1.54251313944e-08
2.03874880457e-09	8.69746941135e-09
2.08035490492e-09	2.15764806022e-09
2.12196100527e-09	-3.32157279459e-09
2.16356710562e-09	-7.18976389535e-09
2.20517320597e-09	-9.22700760242e-09
2.24677930632e-09	-9.53932843828e-09
2.28838540667e-09	-8.44867908967e-09
2.32999150702e-09	-6.3847536147e-09
2.37159760737e-09	-3.84209020154e-09
2.41320370772e-09	-1.28010646527e-09
2.45480980807e-09	9.24949172809e-10
2.49641590842e-09	2.54133825095e-09
2.53802200877e-09	3.4673584004e-09
2.57962810912e-09	3.72289710171e-09
2.62123420947e-09	3.41062933451e-09
2.66284030982e-09	2.67807109822e-09
2.70444641017e-09	1.70606773153e-09
2.74605251052e-09	6.81871115127e-10
2.78765861087e-09	-2.30107197186e-10
2.82926471122e-09	-9.26175525162e-10
2.87087081157e-09	-1.35908417853e-09
