% time-domain current integration by openEMS v0.0.35-98-gb49bd2a @Fri Aug 18 23:24:43 2023
% start-coordinates: (0.0132559,0.0135667,0.00129388) m -> [93,117,23]
% stop-coordinates: (0.0132559,0.01388,0.00139497) m -> [93,123,24]
% t/s	current
4.98874104918e-14	0
4.16559877607e-11	-7.3219641461e-10
8.32620881108e-11	-1.17395826393e-09
1.24868188461e-10	-9.485195962e-10
1.66474288811e-10	1.43311723599e-10
2.08080389161e-10	3.87663856571e-09
2.49686489512e-10	1.21729719638e-08
2.91292589862e-10	2.64948649686e-08
3.32898690212e-10	4.54786324156e-08
3.74504790562e-10	6.24153031481e-08
4.16110890912e-10	6.29101251093e-08
4.57716991262e-10	2.55603058719e-08
4.99323091613e-10	-7.14238979072e-08
5.40929191963e-10	-2.37198705122e-07
5.82535292313e-10	-4.51790384659e-07
6.24141392663e-10	-6.55197993638e-07
6.65747493013e-10	-7.52525750158e-07
7.07353593364e-10	-6.42494342173e-07
7.48959693714e-10	-2.6427696298e-07
7.90565794064e-10	3.54898588739e-07
8.32171894414e-10	1.07930861759e-06
8.73777994764e-10	1.69210045442e-06
9.15384095114e-10	1.97020085579e-06
9.56990195465e-10	1.77835659088e-06
9.98596295815e-10	1.13767555376e-06
1.04020239616e-09	2.30550156743e-07
1.08180849652e-09	-6.66303094476e-07
1.12341459687e-09	-1.29097747958e-06
1.16502069722e-09	-1.49648735714e-06
1.20662679757e-09	-1.29521663439e-06
1.24823289792e-09	-8.32936621009e-07
1.28983899827e-09	-3.12072813813e-07
1.33144509862e-09	9.36146165031e-08
1.37305119897e-09	2.94585987604e-07
1.41465729932e-09	2.94794801903e-07
1.45626339967e-09	1.6284431581e-07
1.49786950002e-09	-1.19909628893e-08
1.53947560037e-09	-1.56626654757e-07
1.58108170072e-09	-2.32308565273e-07
1.62268780107e-09	-2.34075528738e-07
1.66429390142e-09	-1.79597009264e-07
1.70590000177e-09	-9.55025285521e-08
1.74750610212e-09	-7.03538116653e-09
1.78911220247e-09	6.74606255302e-08
1.83071830282e-09	1.17903340424e-07
1.87232440317e-09	1.41379885576e-07
1.91393050352e-09	1.40252254255e-07
1.95553660387e-09	1.20042884078e-07
1.99714270422e-09	8.7598941434e-08
2.03874880457e-09	5.0053756695e-08
2.08035490492e-09	1.38680800177e-08
2.12196100527e-09	-1.62065880716e-08
2.16356710562e-09	-3.7533880004e-08
2.20517320597e-09	-4.89429012873e-08
2.24677930632e-09	-5.0818631081e-08
2.28838540667e-09	-4.48918022755e-08
2.32999150702e-09	-3.365561696e-08
2.37159760737e-09	-1.98463538936e-08
2.41320370772e-09	-5.94321436509e-09
2.45480980807e-09	6.01822769397e-09
2.49641590842e-09	1.47064111999e-08
2.53802200877e-09	1.95314200369e-08
2.57962810912e-09	2.06311163709e-08
2.62123420947e-09	1.86717308281e-08
2.66284030982e-09	1.46120058275e-08
2.70444641017e-09	9.42222833089e-09
2.74605251052e-09	4.06510425321e-09
2.78765861087e-09	-7.18861303817e-10
2.82926471122e-09	-4.41970504639e-09
2.87087081157e-09	-6.78190259507e-09
