% time-domain voltage integration by openEMS v0.0.35-98-gb49bd2a @Fri Aug 18 23:24:43 2023
% start-coordinates: (0.019,0.00797999,0.00139497) m -> [146,63,24]
% stop-coordinates: (0.019,0.00797999,0.00119278) m -> [146,63,22]
% t/s	voltage
0	-0
4.16061003502e-11	2.36533449077e-12
8.32122007004e-11	-7.0685960557e-11
1.24818301051e-10	4.29771045141e-11
1.66424401401e-10	-4.05413577709e-10
2.08030501751e-10	-1.81544757005e-09
2.49636602101e-10	-2.58096899408e-09
2.91242702451e-10	-9.87633252958e-10
3.32848802801e-10	3.36798255951e-09
3.74454903152e-10	1.43961531585e-08
4.16061003502e-10	3.46228965498e-08
4.57667103852e-10	6.63125589995e-08
4.99273204202e-10	1.01676288722e-07
5.40879304552e-10	1.20333901066e-07
5.82485404902e-10	8.53293329328e-08
6.24091505253e-10	-4.80504223077e-08
6.65697605603e-10	-3.12169390781e-07
7.07303705953e-10	-6.94626720588e-07
7.48909806303e-10	-1.10894688987e-06
7.90515906653e-10	-1.38491083135e-06
8.32122007004e-10	-1.30565700829e-06
8.73728107354e-10	-6.96585118476e-07
9.15334207704e-10	4.61815901076e-07
9.56940308054e-10	1.95506788714e-06
9.98546408404e-10	3.3494075069e-06
1.04015250875e-09	4.12338840761e-06
1.0817586091e-09	3.87902059629e-06
1.12336470945e-09	2.53633686498e-06
1.1649708098e-09	4.07972478911e-07
1.20657691016e-09	-1.89765989944e-06
1.24818301051e-09	-3.7064891103e-06
1.28978911086e-09	-4.53353413832e-06
1.33139521121e-09	-4.2399085487e-06
1.37300131156e-09	-3.03592446471e-06
1.41460741191e-09	-1.3509263681e-06
1.45621351226e-09	3.44033210808e-07
1.49781961261e-09	1.67908001458e-06
1.53942571296e-09	2.45411308697e-06
1.58103181331e-09	2.63572940185e-06
1.62263791366e-09	2.31499871006e-06
1.66424401401e-09	1.65513239381e-06
1.70585011436e-09	8.41966027565e-07
1.74745621471e-09	4.45224692669e-08
1.78906231506e-09	-6.10685049196e-07
1.83066841541e-09	-1.05119300997e-06
1.87227451576e-09	-1.25632720938e-06
1.91388061611e-09	-1.24666553347e-06
1.95548671646e-09	-1.06829031665e-06
1.99709281681e-09	-7.80389342481e-07
2.03869891716e-09	-4.44514270725e-07
2.08030501751e-09	-1.16637227876e-07
2.12191111786e-09	1.59293776392e-07
2.16351721821e-09	3.55241965622e-07
2.20512331856e-09	4.5969892426e-07
2.24672941891e-09	4.77579419567e-07
2.28833551926e-09	4.24741969596e-07
2.32994161961e-09	3.22594857494e-07
2.37154771996e-09	1.95819701787e-07
2.41315382031e-09	6.74817606239e-08
2.45475992066e-09	-4.34713527397e-08
2.49636602101e-09	-1.2523719306e-07
2.53797212136e-09	-1.72541760435e-07
2.57957822171e-09	-1.8620958997e-07
2.62118432206e-09	-1.71303476293e-07
2.66279042241e-09	-1.35146791536e-07
2.70439652276e-09	-8.67743743527e-08
2.74600262311e-09	-3.55114551098e-08
2.78760872346e-09	1.03621742298e-08
2.82921482381e-09	4.54951099016e-08
2.87082092416e-09	6.75579343579e-08
