% time-domain current integration by openEMS v0.0.35-98-gb49bd2a @Fri Aug 18 23:24:43 2023
% start-coordinates: (0.0132559,0.0130318,0.00129388) m -> [93,110,23]
% stop-coordinates: (0.0132559,0.01338,0.00139497) m -> [93,114,24]
% t/s	current
4.98874104918e-14	0
4.16559877607e-11	1.25546448237e-11
8.32620881108e-11	8.76085870516e-11
1.24868188461e-10	5.12668726915e-11
1.66474288811e-10	-1.23938526109e-10
2.08080389161e-10	-5.21109988494e-10
2.49686489512e-10	-1.37975109116e-09
2.91292589862e-10	-2.65529531696e-09
3.32898690212e-10	-4.10622380542e-09
3.74504790562e-10	-4.89624429889e-09
4.16110890912e-10	-3.6467138198e-09
4.57716991262e-10	1.46447176608e-09
4.99323091613e-10	1.1741860817e-08
5.40929191963e-10	2.68569539941e-08
5.82535292313e-10	4.3557399465e-08
6.24141392663e-10	5.53217134325e-08
6.65747493013e-10	5.38004627515e-08
7.07353593364e-10	3.18584554293e-08
7.48959693714e-10	-1.18730749676e-08
7.90565794064e-10	-7.01202793607e-08
8.32171894414e-10	-1.26863284322e-07
8.73777994764e-10	-1.61974639923e-07
9.15384095114e-10	-1.5899364314e-07
9.56990195465e-10	-1.12890354842e-07
9.98596295815e-10	-3.38567573976e-08
1.04020239616e-09	5.55134676006e-08
1.08180849652e-09	1.2851674569e-07
1.12341459687e-09	1.64731972063e-07
1.16502069722e-09	1.57387148647e-07
1.20662679757e-09	1.14610969604e-07
1.24823289792e-09	5.45345493208e-08
1.28983899827e-09	-2.86050205744e-09
1.33144509862e-09	-4.30555182618e-08
1.37305119897e-09	-6.06066592468e-08
1.41465729932e-09	-5.83670107801e-08
1.45626339967e-09	-4.39313154743e-08
1.49786950002e-09	-2.5525928038e-08
1.53947560037e-09	-9.16672782125e-09
1.58108170072e-09	2.2473072292e-09
1.62268780107e-09	8.42748804075e-09
1.66429390142e-09	1.04856860972e-08
1.70590000177e-09	9.91611415202e-09
1.74750610212e-09	7.98918264877e-09
1.78911220247e-09	5.54272538977e-09
1.83071830282e-09	3.08339398458e-09
1.87232440317e-09	8.96697827102e-10
1.91393050352e-09	-8.5735685218e-10
1.95553660387e-09	-2.08227124432e-09
1.99714270422e-09	-2.73512101856e-09
2.03874880457e-09	-2.91176238676e-09
2.08035490492e-09	-2.64343547052e-09
2.12196100527e-09	-2.08211292652e-09
2.16356710562e-09	-1.35222966158e-09
2.20517320597e-09	-5.73469494114e-10
2.24677930632e-09	1.23305143873e-10
2.28838540667e-09	6.51737996904e-10
2.32999150702e-09	9.75523439806e-10
2.37159760737e-09	1.09918874003e-09
2.41320370772e-09	1.03349528935e-09
2.45480980807e-09	8.37214519933e-10
2.49641590842e-09	5.55538726132e-10
2.53802200877e-09	2.52555754088e-10
2.57962810912e-09	-1.34487976311e-11
2.62123420947e-09	-2.27091678795e-10
2.66284030982e-09	-3.55275919794e-10
2.70444641017e-09	-4.17706008671e-10
2.74605251052e-09	-4.0324826811e-10
2.78765861087e-09	-3.40328265569e-10
2.82926471122e-09	-2.50632181675e-10
2.87087081157e-09	-1.38695110952e-10
