% time-domain voltage integration by openEMS v0.0.35-98-gb49bd2a @Fri Aug 18 23:24:43 2023
% start-coordinates: (0.013178,0.0132243,0.00139497) m -> [92,112,24]
% stop-coordinates: (0.01346,0.0132243,0.00139497) m -> [96,112,24]
% t/s	voltage
0	-0
4.16061003502e-11	-4.17330185166e-10
8.32122007004e-11	-3.36586210726e-09
1.24818301051e-10	-2.14623533529e-09
1.66424401401e-10	4.53603782313e-09
2.08030501751e-10	1.94894297818e-08
2.49636602101e-10	5.21273219971e-08
2.91242702451e-10	1.00947425585e-07
3.32848802801e-10	1.57086099462e-07
3.74454903152e-10	1.89053349663e-07
4.16061003502e-10	1.44158942818e-07
4.57667103852e-10	-4.77538785876e-08
4.99273204202e-10	-4.38241072505e-07
5.40879304552e-10	-1.01763607002e-06
5.82485404902e-10	-1.66453830303e-06
6.24091505253e-10	-2.13095677093e-06
6.65697605603e-10	-2.09531762962e-06
7.07303705953e-10	-1.27734285238e-06
7.48909806303e-10	3.8625247023e-07
7.90515906653e-10	2.62768775094e-06
8.32122007004e-10	4.83840411718e-06
8.73728107354e-10	6.24155493356e-06
9.15334207704e-10	6.18943996855e-06
9.56940308054e-10	4.46623039885e-06
9.98546408404e-10	1.4431083466e-06
1.04015250875e-09	-2.02041819808e-06
1.0817586091e-09	-4.88982788882e-06
1.12336470945e-09	-6.35811275096e-06
1.1649708098e-09	-6.13833135343e-06
1.20657691016e-09	-4.52327652489e-06
1.24818301051e-09	-2.20467345891e-06
1.28978911086e-09	3.99697395181e-08
1.33139521121e-09	1.63440462843e-06
1.37300131156e-09	2.35143754557e-06
1.41460741191e-09	2.28953371284e-06
1.45621351226e-09	1.73854941377e-06
1.49781961261e-09	1.01969185895e-06
1.53942571296e-09	3.72264533199e-07
1.58103181331e-09	-8.49160470828e-08
1.62263791366e-09	-3.36100792753e-07
1.66424401401e-09	-4.22448150239e-07
1.70585011436e-09	-4.01873525568e-07
1.74745621471e-09	-3.24891014092e-07
1.78906231506e-09	-2.25543243637e-07
1.83066841541e-09	-1.24969553927e-07
1.87227451576e-09	-3.52663768136e-08
1.91388061611e-09	3.66228450899e-08
1.95548671646e-09	8.66823601786e-08
1.99709281681e-09	1.13169525751e-07
2.03869891716e-09	1.19972338064e-07
2.08030501751e-09	1.08510623598e-07
2.12191111786e-09	8.50794227292e-08
2.16351721821e-09	5.4921124204e-08
2.20512331856e-09	2.28923921208e-08
2.24672941891e-09	-5.70249567011e-09
2.28833551926e-09	-2.72956956482e-08
2.32994161961e-09	-4.04503548435e-08
2.37154771996e-09	-4.53152254609e-08
2.41315382031e-09	-4.2456075211e-08
2.45475992066e-09	-3.4256395387e-08
2.49636602101e-09	-2.2578932668e-08
2.53797212136e-09	-1.01077188702e-08
2.57957822171e-09	8.16616489707e-10
2.62118432206e-09	9.54864042002e-09
2.66279042241e-09	1.47654910521e-08
2.70439652276e-09	1.72267381193e-08
2.74600262311e-09	1.65705432986e-08
2.78760872346e-09	1.39364903784e-08
2.82921482381e-09	1.0198350997e-08
2.87082092416e-09	5.59255763227e-09
