% time-domain current integration by openEMS v0.0.35-98-gb49bd2a @Fri Aug 18 23:11:13 2023
% start-coordinates: (0.0132559,0.0135667,0.00129388) m -> [93,117,23]
% stop-coordinates: (0.0132559,0.01388,0.00139497) m -> [93,123,24]
% t/s	current
4.98874104918e-14	0
4.16559877607e-11	-7.25034580103e-16
8.32620881108e-11	-2.79528705738e-10
1.24868188461e-10	-1.73713321505e-09
1.66474288811e-10	-4.85922768689e-09
2.08080389161e-10	-8.86511752896e-09
2.49686489512e-10	-1.05456088306e-08
2.91292589862e-10	-3.18854742609e-09
3.32898690212e-10	2.51307383792e-08
3.74504790562e-10	9.28869852146e-08
4.16110890912e-10	2.19312312311e-07
4.57716991262e-10	4.08884631042e-07
4.99323091613e-10	6.27010194876e-07
5.40929191963e-10	7.72262069404e-07
5.82535292313e-10	6.62206048219e-07
6.24141392663e-10	5.41774412e-08
6.65747493013e-10	-1.27612099732e-06
7.07353593364e-10	-3.39883990819e-06
7.48959693714e-10	-6.07493529969e-06
7.90565794064e-10	-8.65806396178e-06
8.32171894414e-10	-1.01411324067e-05
8.73777994764e-10	-9.40351947065e-06
9.15384095114e-10	-5.62422383155e-06
9.56990195465e-10	1.27389489535e-06
9.98596295815e-10	1.035119476e-05
1.04020239616e-09	1.97191948246e-05
1.08180849652e-09	2.69959164143e-05
1.12341459687e-09	3.00195133605e-05
1.16502069722e-09	2.75627626252e-05
1.20662679757e-09	1.97629688046e-05
1.24823289792e-09	8.10927031125e-06
1.28983899827e-09	-4.99797351949e-06
1.33144509862e-09	-1.69314425875e-05
1.37305119897e-09	-2.55147879216e-05
1.41465729932e-09	-2.9487109714e-05
1.45626339967e-09	-2.86574068014e-05
1.49786950002e-09	-2.37739841396e-05
1.53947560037e-09	-1.62076776178e-05
1.58108170072e-09	-7.56959843784e-06
1.62268780107e-09	6.33895069768e-07
1.66429390142e-09	7.24675737729e-06
1.70590000177e-09	1.15880511657e-05
1.74750610212e-09	1.34630972752e-05
1.78911220247e-09	1.30895623442e-05
1.83071830282e-09	1.09726624942e-05
1.87232440317e-09	7.76654906076e-06
1.91393050352e-09	4.14536134485e-06
1.95553660387e-09	7.0212627179e-07
1.99714270422e-09	-2.11796645999e-06
2.03874880457e-09	-4.04836009693e-06
2.08035490492e-09	-5.00227179145e-06
2.12196100527e-09	-5.0478738558e-06
2.16356710562e-09	-4.36677964899e-06
2.20517320597e-09	-3.20528511111e-06
2.24677930632e-09	-1.82660551218e-06
2.28838540667e-09	-4.70542090625e-07
2.32999150702e-09	6.75610806411e-07
2.37159760737e-09	1.49335733113e-06
2.41320370772e-09	1.93488222067e-06
2.45480980807e-09	2.01531634048e-06
2.49641590842e-09	1.79701100933e-06
2.53802200877e-09	1.37119877763e-06
2.57962810912e-09	8.39890958559e-07
2.62123420947e-09	2.99244334201e-07
2.66284030982e-09	-1.72720348246e-07
2.70444641017e-09	-5.23312905898e-07
2.74605251052e-09	-7.27470080619e-07
2.78765861087e-09	-7.85916597579e-07
