% time-domain current integration by openEMS v0.0.35-98-gb49bd2a @Mon Jul 31 12:20:58 2023
% start-coordinates: (-0.00368512,0.0132999,0.00129388) m -> [9,94,23]
% stop-coordinates: (-0.00261,0.0132999,0.00279497) m -> [10,94,31]
% t/s	current
4.29299509518e-14	-0
4.16849823742e-11	1.06611039996e-08
8.33270347975e-11	1.88404065682e-08
1.24969087221e-10	2.73952682761e-08
1.66611139644e-10	2.09823625141e-08
2.08253192067e-10	-3.01305291828e-08
2.4989524449e-10	-1.66500853993e-07
2.91537296914e-10	-4.41128861439e-07
3.33179349337e-10	-8.79319372871e-07
3.7482140176e-10	-1.42537487591e-06
4.16463454184e-10	-1.86670786206e-06
4.58105506607e-10	-1.78227651304e-06
4.9974755903e-10	-5.7183183344e-07
5.41389611453e-10	2.37320500673e-06
5.83031663877e-10	7.3377177614e-06
6.246737163e-10	1.38620662256e-05
6.66315768723e-10	2.04296102311e-05
7.07957821146e-10	2.44997718255e-05
7.4959987357e-10	2.30794394156e-05
7.91241925993e-10	1.38064779094e-05
8.32883978416e-10	-3.77410106012e-06
8.74526030839e-10	-2.72995712294e-05
9.16168083263e-10	-5.15909632668e-05
9.57810135686e-10	-6.98315925547e-05
9.99452188109e-10	-7.56676236051e-05
1.04109424053e-09	-6.55046314932e-05
1.08273629296e-09	-4.00713470299e-05
1.12437834538e-09	-4.56459656561e-06
1.1660203978e-09	3.27667585225e-05
1.20766245023e-09	6.30949216429e-05
1.24930450265e-09	7.96331223683e-05
1.29094655507e-09	7.94853040134e-05
1.3325886075e-09	6.41619044472e-05
1.37423065992e-09	3.87307300116e-05
1.41587271234e-09	1.00477727756e-05
1.45751476476e-09	-1.52640568558e-05
1.49915681719e-09	-3.24479478877e-05
1.54079886961e-09	-3.94641174353e-05
1.58244092203e-09	-3.69724766642e-05
1.62408297446e-09	-2.76282571576e-05
1.66572502688e-09	-1.50244904944e-05
1.7073670793e-09	-2.63715128312e-06
1.74900913173e-09	6.95499238645e-06
1.79065118415e-09	1.2444326785e-05
1.83229323657e-09	1.37665520015e-05
1.873935289e-09	1.17864074127e-05
1.91557734142e-09	7.84986150393e-06
1.95721939384e-09	3.34987680617e-06
1.99886144627e-09	-5.92659318954e-07
2.04050349869e-09	-3.30050806951e-06
2.08214555111e-09	-4.55714325653e-06
2.12378760354e-09	-4.51478626928e-06
2.16542965596e-09	-3.55725819645e-06
2.20707170838e-09	-2.14477904592e-06
2.24871376081e-09	-6.92697994964e-07
2.29035581323e-09	4.98467784382e-07
2.33199786565e-09	1.26967643155e-06
2.37363991808e-09	1.58748116519e-06
2.4152819705e-09	1.51141432525e-06
2.45692402292e-09	1.15468321837e-06
2.49856607535e-09	6.52078938401e-07
2.54020812777e-09	1.33330573249e-07
2.58185018019e-09	-2.95189522603e-07
2.62349223262e-09	-5.66452797557e-07
2.66513428504e-09	-6.59015142901e-07
2.70677633746e-09	-5.95172025442e-07
2.74841838989e-09	-4.28184876e-07
2.79006044231e-09	-2.22194103117e-07
2.83170249473e-09	-3.13474721736e-08
2.87334454716e-09	1.12000279273e-07
2.91498659958e-09	2.00766592684e-07
2.956628652e-09	2.43473948558e-07
