% time-domain voltage integration by openEMS v0.0.35-98-gb49bd2a @Fri Aug 18 23:11:13 2023
% start-coordinates: (0.019,0.00797999,0.00139497) m -> [146,63,24]
% stop-coordinates: (0.019,0.00797999,0.00119278) m -> [146,63,22]
% t/s	voltage
0	-0
4.16061003502e-11	-3.39658335745e-37
8.32122007004e-11	3.76959158332e-11
1.24818301051e-10	9.01634822359e-10
1.66424401401e-10	2.36197683634e-08
2.08030501751e-10	6.63987371752e-08
2.49636602101e-10	1.05890304525e-07
2.91242702451e-10	9.01897827532e-08
3.32848802801e-10	-1.59695145996e-08
3.74454903152e-10	-3.64808997233e-07
4.16061003502e-10	-1.16921233939e-06
4.57667103852e-10	-2.57406350102e-06
4.99273204202e-10	-4.49098388344e-06
5.40879304552e-10	-6.33585500509e-06
5.82485404902e-10	-6.81171445649e-06
6.24091505253e-10	-3.91319963455e-06
6.65697605603e-10	4.59946863884e-06
7.07303705953e-10	2.01189459403e-05
7.48909806303e-10	4.17068458773e-05
7.90515906653e-10	6.48970308248e-05
8.32122007004e-10	8.16049287096e-05
8.73728107354e-10	8.18727057776e-05
9.15334207704e-10	5.73652523599e-05
9.56940308054e-10	5.53319500796e-06
9.98546408404e-10	-6.74421571603e-05
1.04015250875e-09	-0.000146596292325
1.0817586091e-09	-0.000211748971196
1.12336470945e-09	-0.000243635578954
1.1649708098e-09	-0.000230293095228
1.20657691016e-09	-0.000171144216438
1.24818301051e-09	-7.72738276282e-05
1.28978911086e-09	3.19696282531e-05
1.33139521121e-09	0.000134483729198
1.37300131156e-09	0.000211076301639
1.41460741191e-09	0.000249574135523
1.45621351226e-09	0.000246621479164
1.49781961261e-09	0.000207201614103
1.53942571296e-09	0.000142421784403
1.58103181331e-09	6.63622085995e-05
1.62263791366e-09	-7.13148938303e-06
1.66424401401e-09	-6.70300614729e-05
1.70585011436e-09	-0.000106614228571
1.74745621471e-09	-0.000123782629089
1.78906231506e-09	-0.000120393589896
1.83066841541e-09	-0.000101045607153
1.87227451576e-09	-7.17217480997e-05
1.91388061611e-09	-3.85811963497e-05
1.95548671646e-09	-7.03111277289e-06
1.99709281681e-09	1.88581188922e-05
2.03869891716e-09	3.66337280866e-05
2.08030501751e-09	4.54787768831e-05
2.12191111786e-09	4.6000475777e-05
2.16351721821e-09	3.98662868974e-05
2.20512331856e-09	2.93238454105e-05
2.24672941891e-09	1.67761518242e-05
2.28833551926e-09	4.42104328613e-06
2.32994161961e-09	-6.01689885116e-06
2.37154771996e-09	-1.34583538056e-05
2.41315382031e-09	-1.74806164068e-05
2.45475992066e-09	-1.82230933206e-05
2.49636602101e-09	-1.62493970493e-05
2.53797212136e-09	-1.23933095892e-05
2.57957822171e-09	-7.58918281463e-06
2.62118432206e-09	-2.71765077287e-06
2.66279042241e-09	1.51663488168e-06
2.70439652276e-09	4.65171501673e-06
2.74600262311e-09	6.47691672384e-06
2.78760872346e-09	7.00715099811e-06
