% time-domain current integration by openEMS v0.0.35-98-gb49bd2a @Mon Jul 31 12:20:58 2023
% start-coordinates: (0.0155549,0.0130406,0.00129388) m -> [85,91,23]
% stop-coordinates: (0.0155549,0.01343,0.00139497) m -> [85,96,24]
% t/s	current
4.29299509518e-14	0
4.16849823742e-11	-4.26170792815e-19
8.33270347975e-11	-7.85800313707e-11
1.24969087221e-10	-1.16671827755e-09
1.66611139644e-10	-1.0212097834e-09
2.08253192067e-10	-8.15110090535e-10
2.4989524449e-10	6.65859312132e-10
2.91537296914e-10	5.64388180635e-09
3.33179349337e-10	1.53545087755e-08
3.7482140176e-10	3.10866212772e-08
4.16463454184e-10	4.98758687684e-08
4.58105506607e-10	6.25395557563e-08
4.9974755903e-10	5.14400539942e-08
5.41389611453e-10	-6.73460576195e-09
5.83031663877e-10	-1.32478959358e-07
6.246737163e-10	-3.26256724748e-07
6.66315768723e-10	-5.52596588932e-07
7.07957821146e-10	-7.29040152692e-07
7.4959987357e-10	-7.40123084597e-07
7.91241925993e-10	-4.75253244758e-07
8.32883978416e-10	1.12254895157e-07
8.74526030839e-10	9.52269033405e-07
9.16168083263e-10	1.84050168173e-06
9.57810135686e-10	2.48137189374e-06
9.99452188109e-10	2.58727550317e-06
1.04109424053e-09	1.99829401026e-06
1.08273629296e-09	7.70503675085e-07
1.12437834538e-09	-8.14573695607e-07
1.1660203978e-09	-2.33247851611e-06
1.20766245023e-09	-3.35862068823e-06
1.24930450265e-09	-3.61386264558e-06
1.29094655507e-09	-3.05295270664e-06
1.3325886075e-09	-1.86508225397e-06
1.37423065992e-09	-3.94336439058e-07
1.41587271234e-09	9.79272044788e-07
1.45751476476e-09	1.95337565856e-06
1.49915681719e-09	2.37207609644e-06
1.54079886961e-09	2.24044606512e-06
1.58244092203e-09	1.69164263752e-06
1.62408297446e-09	9.27610983581e-07
1.66572502688e-09	1.56453097588e-07
1.7073670793e-09	-4.57550015653e-07
1.74900913173e-09	-8.21597154754e-07
1.79065118415e-09	-9.19788590181e-07
1.83229323657e-09	-7.98309088168e-07
1.873935289e-09	-5.41074882676e-07
1.91557734142e-09	-2.4059860948e-07
1.95721939384e-09	2.51555292152e-08
1.99886144627e-09	2.07581607015e-07
2.04050349869e-09	2.90932575808e-07
2.08214555111e-09	2.86467013666e-07
2.12378760354e-09	2.22230255531e-07
2.16542965596e-09	1.30768057716e-07
2.20707170838e-09	3.94102919188e-08
2.24871376081e-09	-3.32066107944e-08
2.29035581323e-09	-7.85976084217e-08
2.33199786565e-09	-9.63628323802e-08
2.37363991808e-09	-9.08329269578e-08
2.4152819705e-09	-6.91381671913e-08
2.45692402292e-09	-3.88841279175e-08
2.49856607535e-09	-7.51719753112e-09
2.54020812777e-09	1.90984987825e-08
2.58185018019e-09	3.63832342032e-08
2.62349223262e-09	4.24728767712e-08
2.66513428504e-09	3.74260125113e-08
2.70677633746e-09	2.39204211994e-08
2.74841838989e-09	6.28243679301e-09
2.79006044231e-09	-1.04573905091e-08
2.83170249473e-09	-2.16504947304e-08
2.87334454716e-09	-2.46385454261e-08
2.91498659958e-09	-1.96188878476e-08
2.956628652e-09	-9.50985068471e-09
