% time-domain voltage integration by openEMS v0.0.35-98-gb49bd2a @Mon Jul 31 12:20:58 2023
% start-coordinates: (0.01548,0.0132999,0.00139497) m -> [84,94,24]
% stop-coordinates: (0.015762,0.0132999,0.00139497) m -> [88,94,24]
% t/s	voltage
0	-0
4.16420524233e-11	5.34532176843e-18
8.32841048465e-11	3.10330267039e-09
1.2492615727e-10	5.84407313653e-08
1.66568209693e-10	5.06652693133e-08
2.08210262116e-10	4.08401232832e-08
2.4985231454e-10	-3.04890557246e-08
2.91494366963e-10	-2.74908039444e-07
3.33136419386e-10	-7.52702888462e-07
3.74778471809e-10	-1.53064286224e-06
4.16420524233e-10	-2.46503140033e-06
4.58062576656e-10	-3.10593270569e-06
4.99704629079e-10	-2.58319016666e-06
5.41346681502e-10	2.59999794139e-07
5.82988733926e-10	6.45108229946e-06
6.24630786349e-10	1.60370680078e-05
6.66272838772e-10	2.72911984212e-05
7.07914891195e-10	3.6151468521e-05
7.49556943619e-10	3.68939090549e-05
7.91198996042e-10	2.39931850956e-05
8.32841048465e-10	-4.95112317367e-06
8.74483100888e-10	-4.65670809717e-05
9.16125153312e-10	-9.08059464564e-05
9.57767205735e-10	-0.000123017642181
9.99409258158e-10	-0.000128845731524
1.04105131058e-09	-0.000100181898233
1.082693363e-09	-3.96047444156e-05
1.12433541543e-09	3.90684654121e-05
1.16597746785e-09	0.000114804741315
1.20761952027e-09	0.000166426521901
1.2492615727e-09	0.000179869421117
1.29090362512e-09	0.000152653959958
1.33254567754e-09	9.39975598158e-05
1.37418772997e-09	2.09216118492e-05
1.41582978239e-09	-4.76483537568e-05
1.45747183481e-09	-9.65574527072e-05
1.49911388724e-09	-0.000117897579912
1.54075593966e-09	-0.000111783063403
1.58239799208e-09	-8.47503088153e-05
1.62404004451e-09	-4.68202724733e-05
1.66568209693e-09	-8.37267316456e-06
1.70732414935e-09	2.23612610171e-05
1.74896620178e-09	4.06977478633e-05
1.7906082542e-09	4.57867754449e-05
1.83225030662e-09	3.9887481762e-05
1.87389235905e-09	2.71585076916e-05
1.91553441147e-09	1.22080246001e-05
1.95717646389e-09	-1.06650588805e-06
1.99881851632e-09	-1.02200783658e-05
2.04046056874e-09	-1.44455059399e-05
2.08210262116e-09	-1.42852284171e-05
2.12374467359e-09	-1.11247475161e-05
2.16538672601e-09	-6.58457145164e-06
2.20702877843e-09	-2.03049572178e-06
2.24867083086e-09	1.60282252182e-06
2.29031288328e-09	3.8849046291e-06
2.3319549357e-09	4.7904954954e-06
2.37359698813e-09	4.53173583992e-06
2.41523904055e-09	3.46244530647e-06
2.45688109297e-09	1.96078320869e-06
2.4985231454e-09	3.98266884361e-07
2.54016519782e-09	-9.32110751251e-07
2.58180725024e-09	-1.80070108513e-06
2.62344930267e-09	-2.1126282661e-06
2.66509135509e-09	-1.86960903648e-06
2.70673340751e-09	-1.20237911005e-06
2.74837545994e-09	-3.25744849761e-07
2.79001751236e-09	5.09497006362e-07
2.83165956478e-09	1.07141107719e-06
2.8733016172e-09	1.22561948501e-06
2.91494366963e-09	9.80262257144e-07
2.95658572205e-09	4.79016946997e-07
