% time-domain current integration by openEMS v0.0.35-98-gb49bd2a @Mon Jul 31 12:20:58 2023
% start-coordinates: (0.0210139,0.00828973,0.00119278) m -> [135,65,22]
% stop-coordinates: (0.0211,0.00897,0.00119278) m -> [136,73,22]
% t/s	current
4.29299509518e-14	-0
4.16849823742e-11	-0
8.33270347975e-11	-4.39525260805e-13
1.24969087221e-10	-1.0543323159e-11
1.66611139644e-10	-1.99935096257e-10
2.08253192067e-10	-2.5636988088e-09
2.4989524449e-10	-3.44689254916e-09
2.91537296914e-10	-3.33018412846e-09
3.33179349337e-10	-2.72300099136e-10
3.7482140176e-10	1.07114299652e-08
4.16463454184e-10	3.6397977965e-08
4.58105506607e-10	8.10612093005e-08
4.9974755903e-10	1.42667531122e-07
5.41389611453e-10	2.00900046821e-07
5.83031663877e-10	2.10410121326e-07
6.246737163e-10	1.01921820317e-07
6.66315768723e-10	-1.99137346613e-07
7.07957821146e-10	-7.30442138774e-07
7.4959987357e-10	-1.43932243191e-06
7.91241925993e-10	-2.14047463487e-06
8.32883978416e-10	-2.52507675214e-06
8.74526030839e-10	-2.24311315833e-06
9.16168083263e-10	-1.05374476789e-06
9.57810135686e-10	1.01223633919e-06
9.99452188109e-10	3.563107839e-06
1.04109424053e-09	5.90302124692e-06
1.08273629296e-09	7.24745586922e-06
1.12437834538e-09	7.02003308106e-06
1.1660203978e-09	5.10250720254e-06
1.20766245023e-09	1.91068033928e-06
1.24930450265e-09	-1.74275555764e-06
1.29094655507e-09	-4.93614879815e-06
1.3325886075e-09	-6.94419759384e-06
1.37423065992e-09	-7.43404598325e-06
1.41587271234e-09	-6.49467438052e-06
1.45751476476e-09	-4.53043230664e-06
1.49915681719e-09	-2.09310019272e-06
1.54079886961e-09	2.71177611921e-07
1.58244092203e-09	2.1287198706e-06
1.62408297446e-09	3.21677066495e-06
1.66572502688e-09	3.46569618159e-06
1.7073670793e-09	2.98867439597e-06
1.74900913173e-09	2.03669787879e-06
1.79065118415e-09	9.21828927858e-07
1.83229323657e-09	-7.0733833013e-08
1.873935289e-09	-7.52011146687e-07
1.91557734142e-09	-1.05807362161e-06
1.95721939384e-09	-1.03391732864e-06
1.99886144627e-09	-7.88483191627e-07
2.04050349869e-09	-4.45649902758e-07
2.08214555111e-09	-1.08876555771e-07
2.12378760354e-09	1.54570173549e-07
2.16542965596e-09	3.13363273108e-07
2.20707170838e-09	3.65942355529e-07
2.24871376081e-09	3.32879523057e-07
2.29035581323e-09	2.44338508537e-07
2.33199786565e-09	1.33201950803e-07
2.37363991808e-09	2.80850152024e-08
2.4152819705e-09	-5.23538759012e-08
2.45692402292e-09	-1.00732144404e-07
2.49856607535e-09	-1.17703706337e-07
2.54020812777e-09	-1.08972947999e-07
2.58185018019e-09	-8.18731891172e-08
2.62349223262e-09	-4.47642349855e-08
2.66513428504e-09	-6.18386319928e-09
2.70677633746e-09	2.56446863744e-08
2.74841838989e-09	4.43841798869e-08
2.79006044231e-09	4.80426152194e-08
2.83170249473e-09	3.93266041954e-08
2.87334454716e-09	2.43923192755e-08
2.91498659958e-09	1.00730144226e-08
2.956628652e-09	6.90242030199e-10
