% time-domain voltage integration by openEMS v0.0.35-98-gb49bd2a @Mon Jul 31 12:20:58 2023
% start-coordinates: (-0.00261,0.0168,0.00209497) m -> [10,130,28]
% stop-coordinates: (-0.00261,0.0098,0.00209497) m -> [10,78,28]
% t/s	voltage
0	-0
4.16420524233e-11	2.8475042102e-06
8.32841048465e-11	4.80554545312e-06
1.2492615727e-10	5.86092956212e-06
1.66568209693e-10	2.65071048577e-06
2.08210262116e-10	-1.14266424518e-05
2.4985231454e-10	-4.64360602308e-05
2.91494366963e-10	-0.000112324056602
3.33136419386e-10	-0.00021126280194
3.74778471809e-10	-0.000324540629663
4.16420524233e-10	-0.000398456975518
4.58062576656e-10	-0.000338344996408
4.99704629079e-10	-2.32643035218e-05
5.41346681502e-10	0.00064908716945
5.82988733926e-10	0.00169161234226
6.24630786349e-10	0.00295630881101
6.66272838772e-10	0.00410434016885
7.07914891195e-10	0.00466008666444
7.49556943619e-10	0.00416153655897
7.91198996042e-10	0.00236743128244
8.32841048465e-10	-0.000567634773915
8.74483100888e-10	-0.00405100500939
9.16125153312e-10	-0.00719877213851
9.57767205735e-10	-0.00913740242686
9.99409258158e-10	-0.00933789799819
1.04105131058e-09	-0.00782709003033
1.082693363e-09	-0.00517096853036
1.12433541543e-09	-0.00223473718142
1.16597746785e-09	0.000164802596146
1.20761952027e-09	0.00155153302103
1.2492615727e-09	0.00190328060671
1.29090362512e-09	0.00156072053323
1.33254567754e-09	0.00100616925329
1.37418772997e-09	0.000633919188658
1.41582978239e-09	0.000613311127836
1.45747183481e-09	0.000881621775989
1.49911388724e-09	0.00123654252502
1.54075593966e-09	0.00146235047077
1.58239799208e-09	0.0014275454505
1.62404004451e-09	0.00112199153182
1.66568209693e-09	0.000636314324083
1.70732414935e-09	0.000108655874214
1.74896620178e-09	-0.00033159036866
1.7906082542e-09	-0.000602156552759
1.83225030662e-09	-0.000680825044583
1.87389235905e-09	-0.000596803931103
1.91553441147e-09	-0.000409986727391
1.95717646389e-09	-0.000187960493349
1.99881851632e-09	1.27169755757e-05
2.04046056874e-09	0.000155030262874
2.08210262116e-09	0.000225244711601
2.12374467359e-09	0.00022926822794
2.16538672601e-09	0.000185357661678
2.20702877843e-09	0.000116356474166
2.24867083086e-09	4.33996009832e-05
2.29031288328e-09	-1.78310742598e-05
2.3319549357e-09	-5.86613161602e-05
2.37359698813e-09	-7.68259952508e-05
2.41523904055e-09	-7.48827617087e-05
2.45688109297e-09	-5.82760216048e-05
2.4985231454e-09	-3.36771522313e-05
2.54016519782e-09	-7.63395534875e-06
2.58180725024e-09	1.4389834611e-05
2.62344930267e-09	2.88204913232e-05
2.66509135509e-09	3.43520904806e-05
2.70673340751e-09	3.18872352949e-05
2.74837545994e-09	2.3961063242e-05
2.79001751236e-09	1.37616096509e-05
2.83165956478e-09	4.07456102103e-06
2.8733016172e-09	-3.35685127162e-06
2.91494366963e-09	-8.06253381924e-06
2.95658572205e-09	-1.04067350293e-05
