% time-domain voltage integration by openEMS v0.0.35-98-gb49bd2a @Fri Aug 18 23:11:13 2023
% start-coordinates: (0.013178,0.0137615,0.00139497) m -> [92,121,24]
% stop-coordinates: (0.01346,0.0137615,0.00139497) m -> [96,121,24]
% t/s	voltage
0	-0
4.16061003502e-11	2.16283768679e-14
8.32122007004e-11	1.0709589382e-08
1.24818301051e-10	6.72197264517e-08
1.66424401401e-10	1.88508785359e-07
2.08030501751e-10	3.44434910149e-07
2.49636602101e-10	4.1040100679e-07
2.91242702451e-10	1.26358175034e-07
3.32848802801e-10	-9.70752170204e-07
3.74454903152e-10	-3.59884283085e-06
4.16061003502e-10	-8.50696837773e-06
4.57667103852e-10	-1.58730805069e-05
4.99273204202e-10	-2.4359436047e-05
5.40879304552e-10	-3.00319602076e-05
5.82485404902e-10	-2.58054196181e-05
6.24091505253e-10	-2.24473279786e-06
6.65697605603e-10	4.93868377873e-05
7.07303705953e-10	0.000131851534434
7.48909806303e-10	0.000235903764974
7.90515906653e-10	0.000336458682909
8.32122007004e-10	0.000394377492569
8.73728107354e-10	0.000366057368637
9.15334207704e-10	0.000219488382754
9.56940308054e-10	-4.84547654196e-05
9.98546408404e-10	-0.000401358607633
1.04015250875e-09	-0.000765861839682
1.0817586091e-09	-0.00104932441263
1.12336470945e-09	-0.00116757186976
1.1649708098e-09	-0.00107271211982
1.20657691016e-09	-0.0007699096941
1.24818301051e-09	-0.000316949279295
1.28978911086e-09	0.000192863695929
1.33139521121e-09	0.000657310406496
1.37300131156e-09	0.000991647309434
1.41460741191e-09	0.00114670951564
1.45621351226e-09	0.00111495149156
1.49781961261e-09	0.000925394359456
1.53942571296e-09	0.00063131328352
1.58103181331e-09	0.000295369745572
1.62263791366e-09	-2.38192487814e-05
1.66424401401e-09	-0.000281242732399
1.70585011436e-09	-0.000450362015386
1.74745621471e-09	-0.000523555351876
1.78906231506e-09	-0.000509250517325
1.83066841541e-09	-0.000427072892307
1.87227451576e-09	-0.000302456790791
1.91388061611e-09	-0.000161625625879
1.95548671646e-09	-2.76580304899e-05
1.99709281681e-09	8.2112629002e-05
2.03869891716e-09	0.000157298329839
2.08030501751e-09	0.000194505768874
2.12191111786e-09	0.000196370595845
2.16351721821e-09	0.000169947197634
2.20512331856e-09	0.000124810334626
2.24672941891e-09	7.11980821961e-05
2.28833551926e-09	1.84415735305e-05
2.32994161961e-09	-2.61676870821e-05
2.37154771996e-09	-5.80129320298e-05
2.41315382031e-09	-7.52270304361e-05
2.45475992066e-09	-7.83925734229e-05
2.49636602101e-09	-6.99298801123e-05
2.53797212136e-09	-5.33856889575e-05
2.57957822171e-09	-3.27272418872e-05
2.62118432206e-09	-1.16957056093e-05
2.66279042241e-09	6.67177087621e-06
2.70439652276e-09	2.03229233193e-05
2.74600262311e-09	2.82798401159e-05
2.78760872346e-09	3.0568207489e-05
